(kicad_pcb (version 20171130) (host pcbnew "(5.1.6)-1")

  (general
    (thickness 1.6)
    (drawings 0)
    (tracks 540)
    (zones 0)
    (modules 58)
    (nets 45)
  )

  (page A4)
  (layers
    (0 F.Cu signal)
    (31 B.Cu signal)
    (32 B.Adhes user)
    (33 F.Adhes user)
    (34 B.Paste user)
    (35 F.Paste user)
    (36 B.SilkS user)
    (37 F.SilkS user hide)
    (38 B.Mask user)
    (39 F.Mask user)
    (40 Dwgs.User user)
    (41 Cmts.User user)
    (42 Eco1.User user)
    (43 Eco2.User user)
    (44 Edge.Cuts user)
    (45 Margin user)
    (46 B.CrtYd user)
    (47 F.CrtYd user)
    (48 B.Fab user)
    (49 F.Fab user hide)
  )

  (setup
    (last_trace_width 0.762)
    (user_trace_width 0.762)
    (trace_clearance 0.3)
    (zone_clearance 0.508)
    (zone_45_only no)
    (trace_min 0.2)
    (via_size 0.8)
    (via_drill 0.4)
    (via_min_size 0.4)
    (via_min_drill 0.3)
    (uvia_size 0.3)
    (uvia_drill 0.1)
    (uvias_allowed no)
    (uvia_min_size 0.2)
    (uvia_min_drill 0.1)
    (edge_width 0.05)
    (segment_width 0.2)
    (pcb_text_width 0.3)
    (pcb_text_size 1.5 1.5)
    (mod_edge_width 0.12)
    (mod_text_size 1 1)
    (mod_text_width 0.15)
    (pad_size 1.524 1.524)
    (pad_drill 0.762)
    (pad_to_mask_clearance 0.05)
    (aux_axis_origin 0 0)
    (visible_elements 7FFFFFFF)
    (pcbplotparams
      (layerselection 0x010fc_ffffffff)
      (usegerberextensions false)
      (usegerberattributes true)
      (usegerberadvancedattributes true)
      (creategerberjobfile true)
      (excludeedgelayer true)
      (linewidth 0.100000)
      (plotframeref false)
      (viasonmask false)
      (mode 1)
      (useauxorigin false)
      (hpglpennumber 1)
      (hpglpenspeed 20)
      (hpglpendiameter 15.000000)
      (psnegative false)
      (psa4output false)
      (plotreference true)
      (plotvalue true)
      (plotinvisibletext false)
      (padsonsilk false)
      (subtractmaskfromsilk false)
      (outputformat 1)
      (mirror false)
      (drillshape 1)
      (scaleselection 1)
      (outputdirectory ""))
  )

  (net 0 "")
  (net 1 +5V)
  (net 2 GND)
  (net 3 /LED_R)
  (net 4 /LED_W)
  (net 5 /LED_G)
  (net 6 /LED_B)
  (net 7 "Net-(C109-Pad1)")
  (net 8 "Net-(C111-Pad1)")
  (net 9 "Net-(D101-Pad8)")
  (net 10 "Net-(D101-Pad7)")
  (net 11 "Net-(D101-Pad6)")
  (net 12 "Net-(D101-Pad5)")
  (net 13 "Net-(D102-Pad2)")
  (net 14 /DIN)
  (net 15 "Net-(Q101-Pad3)")
  (net 16 "Net-(Q101-Pad1)")
  (net 17 "Net-(Q102-Pad1)")
  (net 18 "Net-(Q102-Pad3)")
  (net 19 "Net-(Q103-Pad1)")
  (net 20 "Net-(Q103-Pad3)")
  (net 21 "Net-(Q104-Pad3)")
  (net 22 "Net-(Q104-Pad1)")
  (net 23 /PWM_BB)
  (net 24 /PWM_BW)
  (net 25 "Net-(R114-Pad1)")
  (net 26 "Net-(R115-Pad1)")
  (net 27 "Net-(R116-Pad1)")
  (net 28 "Net-(R117-Pad1)")
  (net 29 "Net-(R119-Pad1)")
  (net 30 "Net-(R120-Pad1)")
  (net 31 "Net-(R121-Pad1)")
  (net 32 "Net-(R122-Pad2)")
  (net 33 "Net-(R122-Pad1)")
  (net 34 "Net-(TP101-Pad1)")
  (net 35 "Net-(L101-Pad1)")
  (net 36 /PWM_R)
  (net 37 "Net-(L102-Pad1)")
  (net 38 /PWM_W)
  (net 39 /PWM_G)
  (net 40 "Net-(L103-Pad1)")
  (net 41 /PWM_B)
  (net 42 "Net-(L104-Pad1)")
  (net 43 "Net-(U105-Pad7)")
  (net 44 "Net-(U107-Pad7)")

  (net_class Default "This is the default net class."
    (clearance 0.3)
    (trace_width 0.25)
    (via_dia 0.8)
    (via_drill 0.4)
    (uvia_dia 0.3)
    (uvia_drill 0.1)
    (add_net +5V)
    (add_net /DIN)
    (add_net /LED_B)
    (add_net /LED_G)
    (add_net /LED_R)
    (add_net /LED_W)
    (add_net /PWM_B)
    (add_net /PWM_BB)
    (add_net /PWM_BW)
    (add_net /PWM_G)
    (add_net /PWM_R)
    (add_net /PWM_W)
    (add_net GND)
    (add_net "Net-(C109-Pad1)")
    (add_net "Net-(C111-Pad1)")
    (add_net "Net-(D101-Pad5)")
    (add_net "Net-(D101-Pad6)")
    (add_net "Net-(D101-Pad7)")
    (add_net "Net-(D101-Pad8)")
    (add_net "Net-(D102-Pad2)")
    (add_net "Net-(L101-Pad1)")
    (add_net "Net-(L102-Pad1)")
    (add_net "Net-(L103-Pad1)")
    (add_net "Net-(L104-Pad1)")
    (add_net "Net-(Q101-Pad1)")
    (add_net "Net-(Q101-Pad3)")
    (add_net "Net-(Q102-Pad1)")
    (add_net "Net-(Q102-Pad3)")
    (add_net "Net-(Q103-Pad1)")
    (add_net "Net-(Q103-Pad3)")
    (add_net "Net-(Q104-Pad1)")
    (add_net "Net-(Q104-Pad3)")
    (add_net "Net-(R114-Pad1)")
    (add_net "Net-(R115-Pad1)")
    (add_net "Net-(R116-Pad1)")
    (add_net "Net-(R117-Pad1)")
    (add_net "Net-(R119-Pad1)")
    (add_net "Net-(R120-Pad1)")
    (add_net "Net-(R121-Pad1)")
    (add_net "Net-(R122-Pad1)")
    (add_net "Net-(R122-Pad2)")
    (add_net "Net-(TP101-Pad1)")
    (add_net "Net-(U105-Pad7)")
    (add_net "Net-(U107-Pad7)")
  )

  (module Resistor_SMD:R_0603_1608Metric (layer F.Cu) (tedit 5B301BBD) (tstamp 5F854936)
    (at 136.525 143.51)
    (descr "Resistor SMD 0603 (1608 Metric), square (rectangular) end terminal, IPC_7351 nominal, (Body size source: http://www.tortai-tech.com/upload/download/2011102023233369053.pdf), generated with kicad-footprint-generator")
    (tags resistor)
    (path /5F8055CD)
    (attr smd)
    (fp_text reference R116 (at 0 -1.43) (layer F.SilkS)
      (effects (font (size 1 1) (thickness 0.15)))
    )
    (fp_text value 100k (at 0 1.43) (layer F.Fab)
      (effects (font (size 1 1) (thickness 0.15)))
    )
    (fp_line (start 1.48 0.73) (end -1.48 0.73) (layer F.CrtYd) (width 0.05))
    (fp_line (start 1.48 -0.73) (end 1.48 0.73) (layer F.CrtYd) (width 0.05))
    (fp_line (start -1.48 -0.73) (end 1.48 -0.73) (layer F.CrtYd) (width 0.05))
    (fp_line (start -1.48 0.73) (end -1.48 -0.73) (layer F.CrtYd) (width 0.05))
    (fp_line (start -0.162779 0.51) (end 0.162779 0.51) (layer F.SilkS) (width 0.12))
    (fp_line (start -0.162779 -0.51) (end 0.162779 -0.51) (layer F.SilkS) (width 0.12))
    (fp_line (start 0.8 0.4) (end -0.8 0.4) (layer F.Fab) (width 0.1))
    (fp_line (start 0.8 -0.4) (end 0.8 0.4) (layer F.Fab) (width 0.1))
    (fp_line (start -0.8 -0.4) (end 0.8 -0.4) (layer F.Fab) (width 0.1))
    (fp_line (start -0.8 0.4) (end -0.8 -0.4) (layer F.Fab) (width 0.1))
    (fp_text user %R (at 0 0) (layer F.Fab)
      (effects (font (size 0.4 0.4) (thickness 0.06)))
    )
    (pad 2 smd roundrect (at 0.7875 0) (size 0.875 0.95) (layers F.Cu F.Paste F.Mask) (roundrect_rratio 0.25)
      (net 1 +5V))
    (pad 1 smd roundrect (at -0.7875 0) (size 0.875 0.95) (layers F.Cu F.Paste F.Mask) (roundrect_rratio 0.25)
      (net 27 "Net-(R116-Pad1)"))
    (model ${KISYS3DMOD}/Resistor_SMD.3dshapes/R_0603_1608Metric.wrl
      (at (xyz 0 0 0))
      (scale (xyz 1 1 1))
      (rotate (xyz 0 0 0))
    )
  )

  (module Capacitor_SMD:C_0805_2012Metric (layer F.Cu) (tedit 5B36C52B) (tstamp 5F85462D)
    (at 127.762 125.73 180)
    (descr "Capacitor SMD 0805 (2012 Metric), square (rectangular) end terminal, IPC_7351 nominal, (Body size source: https://docs.google.com/spreadsheets/d/1BsfQQcO9C6DZCsRaXUlFlo91Tg2WpOkGARC1WS5S8t0/edit?usp=sharing), generated with kicad-footprint-generator")
    (tags capacitor)
    (path /5FB93E81)
    (attr smd)
    (fp_text reference C104 (at 0 -1.65 180) (layer F.SilkS)
      (effects (font (size 1 1) (thickness 0.15)))
    )
    (fp_text value 10u (at 0 1.65) (layer F.Fab)
      (effects (font (size 1 1) (thickness 0.15)))
    )
    (fp_line (start 1.68 0.95) (end -1.68 0.95) (layer F.CrtYd) (width 0.05))
    (fp_line (start 1.68 -0.95) (end 1.68 0.95) (layer F.CrtYd) (width 0.05))
    (fp_line (start -1.68 -0.95) (end 1.68 -0.95) (layer F.CrtYd) (width 0.05))
    (fp_line (start -1.68 0.95) (end -1.68 -0.95) (layer F.CrtYd) (width 0.05))
    (fp_line (start -0.258578 0.71) (end 0.258578 0.71) (layer F.SilkS) (width 0.12))
    (fp_line (start -0.258578 -0.71) (end 0.258578 -0.71) (layer F.SilkS) (width 0.12))
    (fp_line (start 1 0.6) (end -1 0.6) (layer F.Fab) (width 0.1))
    (fp_line (start 1 -0.6) (end 1 0.6) (layer F.Fab) (width 0.1))
    (fp_line (start -1 -0.6) (end 1 -0.6) (layer F.Fab) (width 0.1))
    (fp_line (start -1 0.6) (end -1 -0.6) (layer F.Fab) (width 0.1))
    (fp_text user %R (at 0 0) (layer F.Fab)
      (effects (font (size 0.5 0.5) (thickness 0.08)))
    )
    (pad 2 smd roundrect (at 0.9375 0 180) (size 0.975 1.4) (layers F.Cu F.Paste F.Mask) (roundrect_rratio 0.25)
      (net 2 GND))
    (pad 1 smd roundrect (at -0.9375 0 180) (size 0.975 1.4) (layers F.Cu F.Paste F.Mask) (roundrect_rratio 0.25)
      (net 1 +5V))
    (model ${KISYS3DMOD}/Capacitor_SMD.3dshapes/C_0805_2012Metric.wrl
      (at (xyz 0 0 0))
      (scale (xyz 1 1 1))
      (rotate (xyz 0 0 0))
    )
  )

  (module Resistor_SMD:R_0805_2012Metric (layer F.Cu) (tedit 5B36C52B) (tstamp 5F8548AE)
    (at 102.362 115.062 270)
    (descr "Resistor SMD 0805 (2012 Metric), square (rectangular) end terminal, IPC_7351 nominal, (Body size source: https://docs.google.com/spreadsheets/d/1BsfQQcO9C6DZCsRaXUlFlo91Tg2WpOkGARC1WS5S8t0/edit?usp=sharing), generated with kicad-footprint-generator")
    (tags resistor)
    (path /5FCD77FF)
    (attr smd)
    (fp_text reference R108 (at 0 -1.65 90) (layer F.SilkS)
      (effects (font (size 1 1) (thickness 0.15)))
    )
    (fp_text value 0.120 (at 0 1.65 90) (layer F.Fab)
      (effects (font (size 1 1) (thickness 0.15)))
    )
    (fp_line (start 1.68 0.95) (end -1.68 0.95) (layer F.CrtYd) (width 0.05))
    (fp_line (start 1.68 -0.95) (end 1.68 0.95) (layer F.CrtYd) (width 0.05))
    (fp_line (start -1.68 -0.95) (end 1.68 -0.95) (layer F.CrtYd) (width 0.05))
    (fp_line (start -1.68 0.95) (end -1.68 -0.95) (layer F.CrtYd) (width 0.05))
    (fp_line (start -0.258578 0.71) (end 0.258578 0.71) (layer F.SilkS) (width 0.12))
    (fp_line (start -0.258578 -0.71) (end 0.258578 -0.71) (layer F.SilkS) (width 0.12))
    (fp_line (start 1 0.6) (end -1 0.6) (layer F.Fab) (width 0.1))
    (fp_line (start 1 -0.6) (end 1 0.6) (layer F.Fab) (width 0.1))
    (fp_line (start -1 -0.6) (end 1 -0.6) (layer F.Fab) (width 0.1))
    (fp_line (start -1 0.6) (end -1 -0.6) (layer F.Fab) (width 0.1))
    (fp_text user %R (at 0 0 90) (layer F.Fab)
      (effects (font (size 0.5 0.5) (thickness 0.08)))
    )
    (pad 2 smd roundrect (at 0.9375 0 270) (size 0.975 1.4) (layers F.Cu F.Paste F.Mask) (roundrect_rratio 0.25)
      (net 21 "Net-(Q104-Pad3)"))
    (pad 1 smd roundrect (at -0.9375 0 270) (size 0.975 1.4) (layers F.Cu F.Paste F.Mask) (roundrect_rratio 0.25)
      (net 11 "Net-(D101-Pad6)"))
    (model ${KISYS3DMOD}/Resistor_SMD.3dshapes/R_0805_2012Metric.wrl
      (at (xyz 0 0 0))
      (scale (xyz 1 1 1))
      (rotate (xyz 0 0 0))
    )
  )

  (module Resistor_SMD:R_0805_2012Metric (layer F.Cu) (tedit 5B36C52B) (tstamp 5F85489D)
    (at 101.854 118.618 180)
    (descr "Resistor SMD 0805 (2012 Metric), square (rectangular) end terminal, IPC_7351 nominal, (Body size source: https://docs.google.com/spreadsheets/d/1BsfQQcO9C6DZCsRaXUlFlo91Tg2WpOkGARC1WS5S8t0/edit?usp=sharing), generated with kicad-footprint-generator")
    (tags resistor)
    (path /5FCD77EA)
    (attr smd)
    (fp_text reference R107 (at 0 -1.65) (layer F.SilkS)
      (effects (font (size 1 1) (thickness 0.15)))
    )
    (fp_text value 0.270 (at 0 1.65) (layer F.Fab)
      (effects (font (size 1 1) (thickness 0.15)))
    )
    (fp_line (start -1 0.6) (end -1 -0.6) (layer F.Fab) (width 0.1))
    (fp_line (start -1 -0.6) (end 1 -0.6) (layer F.Fab) (width 0.1))
    (fp_line (start 1 -0.6) (end 1 0.6) (layer F.Fab) (width 0.1))
    (fp_line (start 1 0.6) (end -1 0.6) (layer F.Fab) (width 0.1))
    (fp_line (start -0.258578 -0.71) (end 0.258578 -0.71) (layer F.SilkS) (width 0.12))
    (fp_line (start -0.258578 0.71) (end 0.258578 0.71) (layer F.SilkS) (width 0.12))
    (fp_line (start -1.68 0.95) (end -1.68 -0.95) (layer F.CrtYd) (width 0.05))
    (fp_line (start -1.68 -0.95) (end 1.68 -0.95) (layer F.CrtYd) (width 0.05))
    (fp_line (start 1.68 -0.95) (end 1.68 0.95) (layer F.CrtYd) (width 0.05))
    (fp_line (start 1.68 0.95) (end -1.68 0.95) (layer F.CrtYd) (width 0.05))
    (fp_text user %R (at 0 0) (layer F.Fab)
      (effects (font (size 0.5 0.5) (thickness 0.08)))
    )
    (pad 1 smd roundrect (at -0.9375 0 180) (size 0.975 1.4) (layers F.Cu F.Paste F.Mask) (roundrect_rratio 0.25)
      (net 11 "Net-(D101-Pad6)"))
    (pad 2 smd roundrect (at 0.9375 0 180) (size 0.975 1.4) (layers F.Cu F.Paste F.Mask) (roundrect_rratio 0.25)
      (net 2 GND))
    (model ${KISYS3DMOD}/Resistor_SMD.3dshapes/R_0805_2012Metric.wrl
      (at (xyz 0 0 0))
      (scale (xyz 1 1 1))
      (rotate (xyz 0 0 0))
    )
  )

  (module Resistor_SMD:R_0603_1608Metric (layer F.Cu) (tedit 5B301BBD) (tstamp 5F8548F2)
    (at 97.282 118.11 180)
    (descr "Resistor SMD 0603 (1608 Metric), square (rectangular) end terminal, IPC_7351 nominal, (Body size source: http://www.tortai-tech.com/upload/download/2011102023233369053.pdf), generated with kicad-footprint-generator")
    (tags resistor)
    (path /5FCD77F0)
    (attr smd)
    (fp_text reference R112 (at 0 -1.43) (layer F.SilkS)
      (effects (font (size 1 1) (thickness 0.15)))
    )
    (fp_text value 100 (at 0 1.43) (layer F.Fab)
      (effects (font (size 1 1) (thickness 0.15)))
    )
    (fp_line (start -0.8 0.4) (end -0.8 -0.4) (layer F.Fab) (width 0.1))
    (fp_line (start -0.8 -0.4) (end 0.8 -0.4) (layer F.Fab) (width 0.1))
    (fp_line (start 0.8 -0.4) (end 0.8 0.4) (layer F.Fab) (width 0.1))
    (fp_line (start 0.8 0.4) (end -0.8 0.4) (layer F.Fab) (width 0.1))
    (fp_line (start -0.162779 -0.51) (end 0.162779 -0.51) (layer F.SilkS) (width 0.12))
    (fp_line (start -0.162779 0.51) (end 0.162779 0.51) (layer F.SilkS) (width 0.12))
    (fp_line (start -1.48 0.73) (end -1.48 -0.73) (layer F.CrtYd) (width 0.05))
    (fp_line (start -1.48 -0.73) (end 1.48 -0.73) (layer F.CrtYd) (width 0.05))
    (fp_line (start 1.48 -0.73) (end 1.48 0.73) (layer F.CrtYd) (width 0.05))
    (fp_line (start 1.48 0.73) (end -1.48 0.73) (layer F.CrtYd) (width 0.05))
    (fp_text user %R (at 0 0) (layer F.Fab)
      (effects (font (size 0.4 0.4) (thickness 0.06)))
    )
    (pad 1 smd roundrect (at -0.7875 0 180) (size 0.875 0.95) (layers F.Cu F.Paste F.Mask) (roundrect_rratio 0.25)
      (net 22 "Net-(Q104-Pad1)"))
    (pad 2 smd roundrect (at 0.7875 0 180) (size 0.875 0.95) (layers F.Cu F.Paste F.Mask) (roundrect_rratio 0.25)
      (net 23 /PWM_BB))
    (model ${KISYS3DMOD}/Resistor_SMD.3dshapes/R_0603_1608Metric.wrl
      (at (xyz 0 0 0))
      (scale (xyz 1 1 1))
      (rotate (xyz 0 0 0))
    )
  )

  (module Package_TO_SOT_SMD:SOT-23 (layer F.Cu) (tedit 5A02FF57) (tstamp 5F854826)
    (at 98.552 115.316 90)
    (descr "SOT-23, Standard")
    (tags SOT-23)
    (path /5FCE47E5)
    (attr smd)
    (fp_text reference Q104 (at 0 -2.5 90) (layer F.SilkS)
      (effects (font (size 1 1) (thickness 0.15)))
    )
    (fp_text value Si2302CDS-T1 (at 0 2.5 90) (layer F.Fab)
      (effects (font (size 1 1) (thickness 0.15)))
    )
    (fp_line (start 0.76 1.58) (end -0.7 1.58) (layer F.SilkS) (width 0.12))
    (fp_line (start 0.76 -1.58) (end -1.4 -1.58) (layer F.SilkS) (width 0.12))
    (fp_line (start -1.7 1.75) (end -1.7 -1.75) (layer F.CrtYd) (width 0.05))
    (fp_line (start 1.7 1.75) (end -1.7 1.75) (layer F.CrtYd) (width 0.05))
    (fp_line (start 1.7 -1.75) (end 1.7 1.75) (layer F.CrtYd) (width 0.05))
    (fp_line (start -1.7 -1.75) (end 1.7 -1.75) (layer F.CrtYd) (width 0.05))
    (fp_line (start 0.76 -1.58) (end 0.76 -0.65) (layer F.SilkS) (width 0.12))
    (fp_line (start 0.76 1.58) (end 0.76 0.65) (layer F.SilkS) (width 0.12))
    (fp_line (start -0.7 1.52) (end 0.7 1.52) (layer F.Fab) (width 0.1))
    (fp_line (start 0.7 -1.52) (end 0.7 1.52) (layer F.Fab) (width 0.1))
    (fp_line (start -0.7 -0.95) (end -0.15 -1.52) (layer F.Fab) (width 0.1))
    (fp_line (start -0.15 -1.52) (end 0.7 -1.52) (layer F.Fab) (width 0.1))
    (fp_line (start -0.7 -0.95) (end -0.7 1.5) (layer F.Fab) (width 0.1))
    (fp_text user %R (at 0 0) (layer F.Fab)
      (effects (font (size 0.5 0.5) (thickness 0.075)))
    )
    (pad 3 smd rect (at 1 0 90) (size 0.9 0.8) (layers F.Cu F.Paste F.Mask)
      (net 21 "Net-(Q104-Pad3)"))
    (pad 2 smd rect (at -1 0.95 90) (size 0.9 0.8) (layers F.Cu F.Paste F.Mask)
      (net 2 GND))
    (pad 1 smd rect (at -1 -0.95 90) (size 0.9 0.8) (layers F.Cu F.Paste F.Mask)
      (net 22 "Net-(Q104-Pad1)"))
    (model ${KISYS3DMOD}/Package_TO_SOT_SMD.3dshapes/SOT-23.wrl
      (at (xyz 0 0 0))
      (scale (xyz 1 1 1))
      (rotate (xyz 0 0 0))
    )
  )

  (module Resistor_SMD:R_0603_1608Metric (layer F.Cu) (tedit 5B301BBD) (tstamp 5F854903)
    (at 88.646 100.33 270)
    (descr "Resistor SMD 0603 (1608 Metric), square (rectangular) end terminal, IPC_7351 nominal, (Body size source: http://www.tortai-tech.com/upload/download/2011102023233369053.pdf), generated with kicad-footprint-generator")
    (tags resistor)
    (path /5FAC7EC8)
    (attr smd)
    (fp_text reference R113 (at 0 -1.43 90) (layer F.SilkS)
      (effects (font (size 1 1) (thickness 0.15)))
    )
    (fp_text value 100 (at 0 1.43 90) (layer F.Fab)
      (effects (font (size 1 1) (thickness 0.15)))
    )
    (fp_line (start 1.48 0.73) (end -1.48 0.73) (layer F.CrtYd) (width 0.05))
    (fp_line (start 1.48 -0.73) (end 1.48 0.73) (layer F.CrtYd) (width 0.05))
    (fp_line (start -1.48 -0.73) (end 1.48 -0.73) (layer F.CrtYd) (width 0.05))
    (fp_line (start -1.48 0.73) (end -1.48 -0.73) (layer F.CrtYd) (width 0.05))
    (fp_line (start -0.162779 0.51) (end 0.162779 0.51) (layer F.SilkS) (width 0.12))
    (fp_line (start -0.162779 -0.51) (end 0.162779 -0.51) (layer F.SilkS) (width 0.12))
    (fp_line (start 0.8 0.4) (end -0.8 0.4) (layer F.Fab) (width 0.1))
    (fp_line (start 0.8 -0.4) (end 0.8 0.4) (layer F.Fab) (width 0.1))
    (fp_line (start -0.8 -0.4) (end 0.8 -0.4) (layer F.Fab) (width 0.1))
    (fp_line (start -0.8 0.4) (end -0.8 -0.4) (layer F.Fab) (width 0.1))
    (fp_text user %R (at 0 0 90) (layer F.Fab)
      (effects (font (size 0.4 0.4) (thickness 0.06)))
    )
    (pad 2 smd roundrect (at 0.7875 0 270) (size 0.875 0.95) (layers F.Cu F.Paste F.Mask) (roundrect_rratio 0.25)
      (net 7 "Net-(C109-Pad1)"))
    (pad 1 smd roundrect (at -0.7875 0 270) (size 0.875 0.95) (layers F.Cu F.Paste F.Mask) (roundrect_rratio 0.25)
      (net 1 +5V))
    (model ${KISYS3DMOD}/Resistor_SMD.3dshapes/R_0603_1608Metric.wrl
      (at (xyz 0 0 0))
      (scale (xyz 1 1 1))
      (rotate (xyz 0 0 0))
    )
  )

  (module Resistor_SMD:R_0603_1608Metric (layer F.Cu) (tedit 5B301BBD) (tstamp 5F854947)
    (at 93.726 100.33 90)
    (descr "Resistor SMD 0603 (1608 Metric), square (rectangular) end terminal, IPC_7351 nominal, (Body size source: http://www.tortai-tech.com/upload/download/2011102023233369053.pdf), generated with kicad-footprint-generator")
    (tags resistor)
    (path /5FACC734)
    (attr smd)
    (fp_text reference R117 (at 0 -1.43 90) (layer F.SilkS)
      (effects (font (size 1 1) (thickness 0.15)))
    )
    (fp_text value 33 (at 0 1.43 90) (layer F.Fab)
      (effects (font (size 1 1) (thickness 0.15)))
    )
    (fp_line (start -0.8 0.4) (end -0.8 -0.4) (layer F.Fab) (width 0.1))
    (fp_line (start -0.8 -0.4) (end 0.8 -0.4) (layer F.Fab) (width 0.1))
    (fp_line (start 0.8 -0.4) (end 0.8 0.4) (layer F.Fab) (width 0.1))
    (fp_line (start 0.8 0.4) (end -0.8 0.4) (layer F.Fab) (width 0.1))
    (fp_line (start -0.162779 -0.51) (end 0.162779 -0.51) (layer F.SilkS) (width 0.12))
    (fp_line (start -0.162779 0.51) (end 0.162779 0.51) (layer F.SilkS) (width 0.12))
    (fp_line (start -1.48 0.73) (end -1.48 -0.73) (layer F.CrtYd) (width 0.05))
    (fp_line (start -1.48 -0.73) (end 1.48 -0.73) (layer F.CrtYd) (width 0.05))
    (fp_line (start 1.48 -0.73) (end 1.48 0.73) (layer F.CrtYd) (width 0.05))
    (fp_line (start 1.48 0.73) (end -1.48 0.73) (layer F.CrtYd) (width 0.05))
    (fp_text user %R (at 0 0 90) (layer F.Fab)
      (effects (font (size 0.4 0.4) (thickness 0.06)))
    )
    (pad 1 smd roundrect (at -0.7875 0 90) (size 0.875 0.95) (layers F.Cu F.Paste F.Mask) (roundrect_rratio 0.25)
      (net 28 "Net-(R117-Pad1)"))
    (pad 2 smd roundrect (at 0.7875 0 90) (size 0.875 0.95) (layers F.Cu F.Paste F.Mask) (roundrect_rratio 0.25)
      (net 14 /DIN))
    (model ${KISYS3DMOD}/Resistor_SMD.3dshapes/R_0603_1608Metric.wrl
      (at (xyz 0 0 0))
      (scale (xyz 1 1 1))
      (rotate (xyz 0 0 0))
    )
  )

  (module Capacitor_SMD:C_0603_1608Metric (layer F.Cu) (tedit 5B301BBE) (tstamp 5F854693)
    (at 91.186 100.33 270)
    (descr "Capacitor SMD 0603 (1608 Metric), square (rectangular) end terminal, IPC_7351 nominal, (Body size source: http://www.tortai-tech.com/upload/download/2011102023233369053.pdf), generated with kicad-footprint-generator")
    (tags capacitor)
    (path /5FE3CCBD)
    (attr smd)
    (fp_text reference C110 (at 0 -1.43 90) (layer F.SilkS)
      (effects (font (size 1 1) (thickness 0.15)))
    )
    (fp_text value 0.1u (at 0 1.43 90) (layer F.Fab)
      (effects (font (size 1 1) (thickness 0.15)))
    )
    (fp_line (start 1.48 0.73) (end -1.48 0.73) (layer F.CrtYd) (width 0.05))
    (fp_line (start 1.48 -0.73) (end 1.48 0.73) (layer F.CrtYd) (width 0.05))
    (fp_line (start -1.48 -0.73) (end 1.48 -0.73) (layer F.CrtYd) (width 0.05))
    (fp_line (start -1.48 0.73) (end -1.48 -0.73) (layer F.CrtYd) (width 0.05))
    (fp_line (start -0.162779 0.51) (end 0.162779 0.51) (layer F.SilkS) (width 0.12))
    (fp_line (start -0.162779 -0.51) (end 0.162779 -0.51) (layer F.SilkS) (width 0.12))
    (fp_line (start 0.8 0.4) (end -0.8 0.4) (layer F.Fab) (width 0.1))
    (fp_line (start 0.8 -0.4) (end 0.8 0.4) (layer F.Fab) (width 0.1))
    (fp_line (start -0.8 -0.4) (end 0.8 -0.4) (layer F.Fab) (width 0.1))
    (fp_line (start -0.8 0.4) (end -0.8 -0.4) (layer F.Fab) (width 0.1))
    (fp_text user %R (at 0 0 90) (layer F.Fab)
      (effects (font (size 0.4 0.4) (thickness 0.06)))
    )
    (pad 2 smd roundrect (at 0.7875 0 270) (size 0.875 0.95) (layers F.Cu F.Paste F.Mask) (roundrect_rratio 0.25)
      (net 2 GND))
    (pad 1 smd roundrect (at -0.7875 0 270) (size 0.875 0.95) (layers F.Cu F.Paste F.Mask) (roundrect_rratio 0.25)
      (net 1 +5V))
    (model ${KISYS3DMOD}/Capacitor_SMD.3dshapes/C_0603_1608Metric.wrl
      (at (xyz 0 0 0))
      (scale (xyz 1 1 1))
      (rotate (xyz 0 0 0))
    )
  )

  (module mylib:LED_Cree_XM-L_20mm_Module (layer F.Cu) (tedit 5F82848A) (tstamp 5F854741)
    (at 114.808 110.998)
    (path /5F8411AA)
    (attr smd)
    (fp_text reference D101 (at 0 -9.6 180) (layer F.SilkS)
      (effects (font (size 1 1) (thickness 0.15)))
    )
    (fp_text value "Cree XM-L" (at 1.27 -11.93 180) (layer F.Fab)
      (effects (font (size 1 1) (thickness 0.15)))
    )
    (fp_line (start 0 0) (end 6.551232 -3.002932) (layer Cmts.User) (width 0.1))
    (fp_line (start -0.675 -7.175) (end -0.675 -9.325) (layer Cmts.User) (width 0.1))
    (fp_line (start -2.175 -9.325) (end -0.675 -9.325) (layer Cmts.User) (width 0.1))
    (fp_line (start -2.175 -7.175) (end -2.175 -9.325) (layer Cmts.User) (width 0.1))
    (fp_line (start -2.175 -7.175) (end -0.675 -7.175) (layer Cmts.User) (width 0.1))
    (fp_line (start 2.175 -7.175) (end 0.675 -7.175) (layer Cmts.User) (width 0.1))
    (fp_line (start 2.175 -7.175) (end 2.175 -9.325) (layer Cmts.User) (width 0.1))
    (fp_line (start 2.175 -9.325) (end 0.675 -9.325) (layer Cmts.User) (width 0.1))
    (fp_line (start 0.675 -7.175) (end 0.675 -9.325) (layer Cmts.User) (width 0.1))
    (fp_line (start -6.551232 -3.002932) (end -8.413186 -4.077932) (layer Cmts.User) (width 0.1))
    (fp_line (start -9.163186 -2.778894) (end -8.413186 -4.077932) (layer Cmts.User) (width 0.1))
    (fp_line (start -7.301232 -1.703894) (end -9.163186 -2.778894) (layer Cmts.User) (width 0.1))
    (fp_line (start -7.301232 -1.703894) (end -6.551232 -3.002932) (layer Cmts.User) (width 0.1))
    (fp_line (start -5.126232 -5.471105) (end -5.876232 -4.172067) (layer Cmts.User) (width 0.1))
    (fp_line (start -5.126232 -5.471105) (end -6.988186 -6.546105) (layer Cmts.User) (width 0.1))
    (fp_line (start -6.988186 -6.546105) (end -7.738186 -5.247067) (layer Cmts.User) (width 0.1))
    (fp_line (start -5.876232 -4.172067) (end -7.738186 -5.247067) (layer Cmts.User) (width 0.1))
    (fp_line (start -5.876232 4.172067) (end -7.738186 5.247067) (layer Cmts.User) (width 0.1))
    (fp_line (start -6.988186 6.546105) (end -7.738186 5.247067) (layer Cmts.User) (width 0.1))
    (fp_line (start -5.126232 5.471105) (end -6.988186 6.546105) (layer Cmts.User) (width 0.1))
    (fp_line (start -5.126232 5.471105) (end -5.876232 4.172067) (layer Cmts.User) (width 0.1))
    (fp_line (start -7.301232 1.703894) (end -6.551232 3.002932) (layer Cmts.User) (width 0.1))
    (fp_line (start -7.301232 1.703894) (end -9.163186 2.778894) (layer Cmts.User) (width 0.1))
    (fp_line (start -9.163186 2.778894) (end -8.413186 4.077932) (layer Cmts.User) (width 0.1))
    (fp_line (start -6.551232 3.002932) (end -8.413186 4.077932) (layer Cmts.User) (width 0.1))
    (fp_line (start 6.551232 3.002932) (end 8.413186 4.077932) (layer Cmts.User) (width 0.1))
    (fp_line (start 9.163186 2.778894) (end 8.413186 4.077932) (layer Cmts.User) (width 0.1))
    (fp_line (start 7.301232 1.703894) (end 9.163186 2.778894) (layer Cmts.User) (width 0.1))
    (fp_line (start 7.301232 1.703894) (end 6.551232 3.002932) (layer Cmts.User) (width 0.1))
    (fp_line (start 5.126232 5.471105) (end 5.876232 4.172067) (layer Cmts.User) (width 0.1))
    (fp_line (start 5.126232 5.471105) (end 6.988186 6.546105) (layer Cmts.User) (width 0.1))
    (fp_line (start 6.988186 6.546105) (end 7.738186 5.247067) (layer Cmts.User) (width 0.1))
    (fp_line (start 5.876232 4.172067) (end 7.738186 5.247067) (layer Cmts.User) (width 0.1))
    (fp_line (start 7.301232 -1.703894) (end 6.551232 -3.002932) (layer Cmts.User) (width 0.1))
    (fp_line (start 7.301232 -1.703894) (end 9.163186 -2.778894) (layer Cmts.User) (width 0.1))
    (fp_line (start 9.163186 -2.778894) (end 8.413186 -4.077932) (layer Cmts.User) (width 0.1))
    (fp_line (start 5.876232 -4.172067) (end 6.988186 -6.546105) (layer Cmts.User) (width 0.1))
    (fp_line (start 5.126232 -5.471105) (end 7.738186 -5.247067) (layer Cmts.User) (width 0.1))
    (fp_line (start 6.988186 -6.546105) (end 7.738186 -5.247067) (layer Cmts.User) (width 0.1))
    (fp_line (start 5.876232 -4.172067) (end 7.738186 -5.247067) (layer Cmts.User) (width 0.1))
    (fp_line (start 5.126232 -5.471105) (end 6.988186 -6.546105) (layer Cmts.User) (width 0.1))
    (fp_line (start 5.126232 -5.471105) (end 5.876232 -4.172067) (layer Cmts.User) (width 0.1))
    (fp_line (start 6.432209 -5.359086) (end 7.857209 -2.890913) (layer Cmts.User) (width 0.1))
    (fp_line (start 6.551232 -3.002932) (end 8.413186 -4.077932) (layer Cmts.User) (width 0.1))
    (fp_line (start 8.616952 -4.975) (end 7.144709 -4.125) (layer Cmts.User) (width 0.1))
    (fp_circle (center -1.425 -8.25) (end -0.674999 -8.25) (layer Cmts.User) (width 0.1))
    (fp_circle (center 1.425 -8.25) (end 2.175 -8.25) (layer Cmts.User) (width 0.1))
    (fp_circle (center -7.857209 -2.890913) (end -7.107209 -2.890913) (layer Cmts.User) (width 0.1))
    (fp_circle (center -6.432209 -5.359086) (end -5.682209 -5.359086) (layer Cmts.User) (width 0.1))
    (fp_circle (center -6.432209 5.359086) (end -5.682209 5.359086) (layer Cmts.User) (width 0.1))
    (fp_circle (center -7.857209 2.890913) (end -7.107209 2.890913) (layer Cmts.User) (width 0.1))
    (fp_circle (center 7.857209 2.890913) (end 8.607209 2.890913) (layer Cmts.User) (width 0.1))
    (fp_circle (center 6.432209 5.359086) (end 7.182209 5.359086) (layer Cmts.User) (width 0.1))
    (fp_circle (center 7.857209 -2.890913) (end 8.607209 -2.890913) (layer Cmts.User) (width 0.1))
    (fp_circle (center 6.432209 -5.359086) (end 7.182209 -5.359086) (layer Cmts.User) (width 0.1))
    (fp_line (start -5.038675 -8.727241) (end -10.07735 0) (layer Edge.Cuts) (width 0.1))
    (fp_line (start -10.07735 0) (end -5.038675 8.727241) (layer Edge.Cuts) (width 0.1))
    (fp_line (start 5.038675 8.727241) (end 10.07735 0) (layer Edge.Cuts) (width 0.1))
    (fp_line (start -5.038675 8.727241) (end 5.038675 8.727241) (layer Edge.Cuts) (width 0.1))
    (fp_line (start 10.07735 0) (end 5.038675 -8.727241) (layer Edge.Cuts) (width 0.1))
    (fp_line (start -6.581793 -8.4) (end -6.299039 -7.910255) (layer B.SilkS) (width 0.1))
    (fp_line (start -10.652111 -1.65) (end -10.369357 -2.139745) (layer B.SilkS) (width 0.1))
    (fp_line (start -6.581793 8.4) (end -6.299039 7.910255) (layer B.SilkS) (width 0.1))
    (fp_line (start -10.56551 1.5) (end -10.000001 1.5) (layer B.SilkS) (width 0.1))
    (fp_line (start -6.754997 8.399999) (end -7.037752 7.910254) (layer B.SilkS) (width 0.1))
    (fp_line (start -10.56551 -1.5) (end -10.000001 -1.5) (layer B.SilkS) (width 0.1))
    (fp_line (start -6.754997 -8.399999) (end -7.037752 -7.910254) (layer B.SilkS) (width 0.1))
    (fp_line (start -10.652111 1.65) (end -10.369357 2.139745) (layer B.SilkS) (width 0.1))
    (fp_line (start 10.56551 1.5) (end 10.000001 1.5) (layer B.SilkS) (width 0.1))
    (fp_line (start 6.581793 8.4) (end 6.299039 7.910255) (layer B.SilkS) (width 0.1))
    (fp_line (start 10.652111 1.65) (end 10.369357 2.139745) (layer B.SilkS) (width 0.1))
    (fp_line (start 6.754997 8.399999) (end 7.037752 7.910254) (layer B.SilkS) (width 0.1))
    (fp_line (start -3.897114 10.049999) (end -3.331605 10.049999) (layer B.SilkS) (width 0.1))
    (fp_line (start 3.983717 9.9) (end 3.700962 9.410255) (layer B.SilkS) (width 0.1))
    (fp_line (start -3.983717 9.9) (end -3.700962 9.410255) (layer B.SilkS) (width 0.1))
    (fp_line (start 3.897114 10.049999) (end 3.331605 10.049999) (layer B.SilkS) (width 0.1))
    (fp_line (start 6.581793 -8.4) (end 6.299039 -7.910255) (layer B.SilkS) (width 0.1))
    (fp_line (start 6.754997 -8.399999) (end 7.037752 -7.910254) (layer B.SilkS) (width 0.1))
    (fp_line (start 10.652111 -1.65) (end 10.369357 -2.139745) (layer B.SilkS) (width 0.1))
    (fp_line (start 10.56551 -1.5) (end 10.000001 -1.5) (layer B.SilkS) (width 0.1))
    (fp_line (start 3.897114 -10.049999) (end 3.331605 -10.049999) (layer B.SilkS) (width 0.1))
    (fp_line (start 3.983717 -9.9) (end 3.700962 -9.410255) (layer B.SilkS) (width 0.1))
    (fp_line (start 9.5 -1.6) (end 10.565509 -1.6) (layer F.CrtYd) (width 0.1))
    (fp_line (start 9.5 1.6) (end 10.565509 1.6) (layer F.CrtYd) (width 0.1))
    (fp_line (start 3.364359 9.027241) (end 3.897114 9.95) (layer F.CrtYd) (width 0.1))
    (fp_line (start 6.13564 7.427241) (end 6.668395 8.35) (layer F.CrtYd) (width 0.1))
    (fp_line (start -6.13564 7.427241) (end -6.668395 8.35) (layer F.CrtYd) (width 0.1))
    (fp_line (start -3.364359 9.027241) (end -3.897114 9.95) (layer F.CrtYd) (width 0.1))
    (fp_line (start -9.5 -1.6) (end -10.565509 -1.6) (layer F.CrtYd) (width 0.1))
    (fp_line (start -9.5 1.6) (end -10.565509 1.6) (layer F.CrtYd) (width 0.1))
    (fp_line (start -3.364359 -9.027241) (end -3.897114 -9.95) (layer F.CrtYd) (width 0.1))
    (fp_line (start 3.897114 -9.95) (end -3.897114 -9.95) (layer F.CrtYd) (width 0.1))
    (fp_line (start 6.668395 -8.35) (end 10.565509 -1.6) (layer F.CrtYd) (width 0.1))
    (fp_line (start -6.13564 -7.427241) (end -6.668395 -8.35) (layer F.CrtYd) (width 0.1))
    (fp_line (start 6.13564 -7.427241) (end 6.668395 -8.35) (layer F.CrtYd) (width 0.1))
    (fp_line (start 3.364359 -9.027241) (end 3.897114 -9.95) (layer F.CrtYd) (width 0.1))
    (fp_line (start 10.565509 1.6) (end 6.668395 8.35) (layer F.CrtYd) (width 0.1))
    (fp_line (start 3.897114 9.95) (end -3.897114 9.95) (layer F.CrtYd) (width 0.1))
    (fp_line (start -6.668395 8.35) (end -10.565509 1.6) (layer F.CrtYd) (width 0.1))
    (fp_line (start -10.565509 -1.6) (end -6.668395 -8.35) (layer F.CrtYd) (width 0.1))
    (fp_line (start -2.64 -2.64) (end 2.64 -2.64) (layer F.CrtYd) (width 0.05))
    (fp_line (start 2.64 2.64) (end 2.64 -2.64) (layer F.CrtYd) (width 0.05))
    (fp_line (start -2.64 -2.64) (end -2.64 2.64) (layer F.CrtYd) (width 0.05))
    (fp_line (start 2.64 2.64) (end -2.64 2.64) (layer F.CrtYd) (width 0.05))
    (fp_line (start -3.983717 -9.9) (end -3.700962 -9.410255) (layer B.SilkS) (width 0.1))
    (fp_line (start -3.897114 -10.049999) (end -3.331605 -10.049999) (layer B.SilkS) (width 0.1))
    (fp_line (start 5.038675 -8.727241) (end -5.038675 -8.727241) (layer Edge.Cuts) (width 0.1))
    (fp_line (start 9.5 -1.6) (end 10.565509 -1.6) (layer F.Fab) (width 0.1))
    (fp_line (start 9.5 1.6) (end 10.565509 1.6) (layer F.Fab) (width 0.1))
    (fp_line (start 3.364359 9.027241) (end 3.897114 9.95) (layer F.Fab) (width 0.1))
    (fp_line (start 6.13564 7.427241) (end 6.668395 8.35) (layer F.Fab) (width 0.1))
    (fp_line (start -6.13564 7.427241) (end -6.668395 8.35) (layer F.Fab) (width 0.1))
    (fp_line (start -3.364359 9.027241) (end -3.897114 9.95) (layer F.Fab) (width 0.1))
    (fp_line (start -9.5 -1.6) (end -10.565509 -1.6) (layer F.Fab) (width 0.1))
    (fp_line (start -9.5 1.6) (end -10.565509 1.6) (layer F.Fab) (width 0.1))
    (fp_line (start -3.364359 -9.027241) (end -3.897114 -9.95) (layer F.Fab) (width 0.1))
    (fp_line (start 3.897114 -9.95) (end -3.897114 -9.95) (layer F.Fab) (width 0.1))
    (fp_line (start 6.668395 -8.35) (end 10.565509 -1.6) (layer F.Fab) (width 0.1))
    (fp_line (start -6.13564 -7.427241) (end -6.668395 -8.35) (layer F.Fab) (width 0.1))
    (fp_line (start 6.13564 -7.427241) (end 6.668395 -8.35) (layer F.Fab) (width 0.1))
    (fp_line (start 3.364359 -9.027241) (end 3.897114 -9.95) (layer F.Fab) (width 0.1))
    (fp_line (start 10.565509 1.6) (end 6.668395 8.35) (layer F.Fab) (width 0.1))
    (fp_line (start 3.897114 9.95) (end -3.897114 9.95) (layer F.Fab) (width 0.1))
    (fp_line (start -6.668395 8.35) (end -10.565509 1.6) (layer F.Fab) (width 0.1))
    (fp_line (start -10.565509 -1.6) (end -6.668395 -8.35) (layer F.Fab) (width 0.1))
    (fp_arc (start 4.75 -8.227241) (end 3.364359 -9.027241) (angle -180) (layer F.CrtYd) (width 0.1))
    (fp_arc (start -4.75 -8.227241) (end -6.13564 -7.427241) (angle -180) (layer F.CrtYd) (width 0.1))
    (fp_arc (start -9.5 0) (end -9.5 1.6) (angle -180) (layer F.CrtYd) (width 0.1))
    (fp_arc (start -4.75 8.227241) (end -3.364359 9.027241) (angle -180) (layer F.CrtYd) (width 0.1))
    (fp_arc (start 4.75 8.227241) (end 6.13564 7.427241) (angle -180) (layer F.CrtYd) (width 0.1))
    (fp_arc (start 9.5 0) (end 9.5 -1.6) (angle -180) (layer F.CrtYd) (width 0.1))
    (fp_arc (start 9.5 0) (end 9.5 -1.6) (angle -180) (layer F.Fab) (width 0.1))
    (fp_arc (start 4.75 8.227241) (end 6.13564 7.427241) (angle -180) (layer F.Fab) (width 0.1))
    (fp_arc (start -4.75 8.227241) (end -3.364359 9.027241) (angle -180) (layer F.Fab) (width 0.1))
    (fp_arc (start -9.5 0) (end -9.5 1.6) (angle -180) (layer F.Fab) (width 0.1))
    (fp_arc (start -4.75 -8.227241) (end -6.13564 -7.427241) (angle -180) (layer F.Fab) (width 0.1))
    (fp_arc (start 4.75 -8.227241) (end 3.364359 -9.027241) (angle -180) (layer F.Fab) (width 0.1))
    (pad 8 thru_hole rect (at -6.845512 -5.597706 150) (size 2.032 1.45) (drill 1.016 (offset 0.508 0)) (layers *.Cu *.Mask)
      (net 9 "Net-(D101-Pad8)"))
    (pad 7 thru_hole rect (at -8.270512 -3.129534 150) (size 2.032 1.45) (drill 1.016 (offset 0.508 0)) (layers *.Cu *.Mask)
      (net 10 "Net-(D101-Pad7)"))
    (pad 6 thru_hole rect (at -8.270512 3.129534 210) (size 2.032 1.45) (drill 1.016 (offset 0.508 0)) (layers *.Cu *.Mask)
      (net 11 "Net-(D101-Pad6)"))
    (pad 5 thru_hole rect (at -6.845512 5.597707 210) (size 2.032 1.45) (drill 1.016 (offset 0.508 0)) (layers *.Cu *.Mask)
      (net 12 "Net-(D101-Pad5)"))
    (pad 4 thru_hole rect (at 6.845512 5.597706 330) (size 2.032 1.45) (drill 1.016 (offset 0.508 0)) (layers *.Cu *.Mask)
      (net 4 /LED_W))
    (pad 3 thru_hole rect (at 8.270512 3.129534 330) (size 2.032 1.45) (drill 1.016 (offset 0.508 0)) (layers *.Cu *.Mask)
      (net 6 /LED_B))
    (pad 2 thru_hole rect (at 8.270512 -3.129534 30) (size 2.032 1.45) (drill 1.016 (offset 0.508 0)) (layers *.Cu *.Mask)
      (net 5 /LED_G))
    (pad 1 thru_hole rect (at 6.845512 -5.597707 30) (size 2.032 1.45) (drill 1.016 (offset 0.508 0)) (layers *.Cu *.Mask)
      (net 3 /LED_R))
    (pad 1 smd rect (at 7.062018 -5.722706 120) (size 1.45 1.2) (drill (offset 0 0.6)) (layers F.Cu F.Mask)
      (net 3 /LED_R))
    (pad 2 smd rect (at 8.487018 -3.254534 120) (size 1.45 1.2) (drill (offset 0 0.6)) (layers F.Cu F.Mask)
      (net 5 /LED_G))
    (pad 3 smd rect (at 8.487018 3.254534 60) (size 1.45 1.2) (drill (offset 0 0.6)) (layers F.Cu F.Mask)
      (net 6 /LED_B))
    (pad 4 smd rect (at 7.062018 5.722706 60) (size 1.45 1.2) (drill (offset 0 0.6)) (layers F.Cu F.Mask)
      (net 4 /LED_W))
    (pad 5 smd rect (at -7.062018 5.722706 300) (size 1.45 1.2) (drill (offset 0 0.6)) (layers F.Cu F.Mask)
      (net 12 "Net-(D101-Pad5)"))
    (pad 6 smd rect (at -8.487018 3.254534 300) (size 1.45 1.2) (drill (offset 0 0.6)) (layers F.Cu F.Mask)
      (net 11 "Net-(D101-Pad6)"))
    (pad 8 smd rect (at -7.062018 -5.722706 240) (size 1.45 1.2) (drill (offset 0 0.6)) (layers F.Cu F.Mask)
      (net 9 "Net-(D101-Pad8)"))
    (pad 7 smd rect (at -8.487018 -3.254534 240) (size 1.45 1.2) (drill (offset 0 0.6)) (layers F.Cu F.Mask)
      (net 10 "Net-(D101-Pad7)"))
    (model /home/clayt/Documents/KiCad/Modules_LED/Cree_XM-L.wrl
      (offset (xyz 0 0 -2.6))
      (scale (xyz 1 1 1))
      (rotate (xyz 0 0 0))
    )
  )

  (module Resistor_SMD:R_0603_1608Metric (layer F.Cu) (tedit 5B301BBD) (tstamp 5F8548BF)
    (at 96.774 104.14 180)
    (descr "Resistor SMD 0603 (1608 Metric), square (rectangular) end terminal, IPC_7351 nominal, (Body size source: http://www.tortai-tech.com/upload/download/2011102023233369053.pdf), generated with kicad-footprint-generator")
    (tags resistor)
    (path /5F9523D7)
    (attr smd)
    (fp_text reference R109 (at 0 -1.43) (layer F.SilkS)
      (effects (font (size 1 1) (thickness 0.15)))
    )
    (fp_text value 100 (at 0 1.43) (layer F.Fab)
      (effects (font (size 1 1) (thickness 0.15)))
    )
    (fp_line (start -0.8 0.4) (end -0.8 -0.4) (layer F.Fab) (width 0.1))
    (fp_line (start -0.8 -0.4) (end 0.8 -0.4) (layer F.Fab) (width 0.1))
    (fp_line (start 0.8 -0.4) (end 0.8 0.4) (layer F.Fab) (width 0.1))
    (fp_line (start 0.8 0.4) (end -0.8 0.4) (layer F.Fab) (width 0.1))
    (fp_line (start -0.162779 -0.51) (end 0.162779 -0.51) (layer F.SilkS) (width 0.12))
    (fp_line (start -0.162779 0.51) (end 0.162779 0.51) (layer F.SilkS) (width 0.12))
    (fp_line (start -1.48 0.73) (end -1.48 -0.73) (layer F.CrtYd) (width 0.05))
    (fp_line (start -1.48 -0.73) (end 1.48 -0.73) (layer F.CrtYd) (width 0.05))
    (fp_line (start 1.48 -0.73) (end 1.48 0.73) (layer F.CrtYd) (width 0.05))
    (fp_line (start 1.48 0.73) (end -1.48 0.73) (layer F.CrtYd) (width 0.05))
    (fp_text user %R (at 0 0) (layer F.Fab)
      (effects (font (size 0.4 0.4) (thickness 0.06)))
    )
    (pad 2 smd roundrect (at 0.7875 0 180) (size 0.875 0.95) (layers F.Cu F.Paste F.Mask) (roundrect_rratio 0.25)
      (net 23 /PWM_BB))
    (pad 1 smd roundrect (at -0.7875 0 180) (size 0.875 0.95) (layers F.Cu F.Paste F.Mask) (roundrect_rratio 0.25)
      (net 16 "Net-(Q101-Pad1)"))
    (model ${KISYS3DMOD}/Resistor_SMD.3dshapes/R_0603_1608Metric.wrl
      (at (xyz 0 0 0))
      (scale (xyz 1 1 1))
      (rotate (xyz 0 0 0))
    )
  )

  (module Resistor_SMD:R_0805_2012Metric (layer F.Cu) (tedit 5B36C52B) (tstamp 5F85486A)
    (at 104.902 98.044 180)
    (descr "Resistor SMD 0805 (2012 Metric), square (rectangular) end terminal, IPC_7351 nominal, (Body size source: https://docs.google.com/spreadsheets/d/1BsfQQcO9C6DZCsRaXUlFlo91Tg2WpOkGARC1WS5S8t0/edit?usp=sharing), generated with kicad-footprint-generator")
    (tags resistor)
    (path /5FCAAEDC)
    (attr smd)
    (fp_text reference R104 (at 0 -1.65) (layer F.SilkS)
