(kicad_pcb (version 20171130) (host pcbnew 5.1.7-a382d34a8~87~ubuntu18.04.1)

  (general
    (thickness 1.6)
    (drawings 13)
    (tracks 1131)
    (zones 0)
    (modules 247)
    (nets 173)
  )

  (page A4)
  (layers
    (0 F.Cu signal)
    (31 B.Cu signal)
    (32 B.Adhes user)
    (33 F.Adhes user hide)
    (34 B.Paste user)
    (35 F.Paste user hide)
    (36 B.SilkS user)
    (37 F.SilkS user)
    (38 B.Mask user)
    (39 F.Mask user)
    (40 Dwgs.User user)
    (41 Cmts.User user)
    (42 Eco1.User user)
    (43 Eco2.User user)
    (44 Edge.Cuts user)
    (45 Margin user)
    (46 B.CrtYd user)
    (47 F.CrtYd user)
    (48 B.Fab user)
    (49 F.Fab user)
  )

  (setup
    (last_trace_width 0.762)
    (user_trace_width 0.1524)
    (user_trace_width 0.2)
    (user_trace_width 0.762)
    (trace_clearance 0.2)
    (zone_clearance 0.508)
    (zone_45_only no)
    (trace_min 0.1524)
    (via_size 0.8)
    (via_drill 0.4)
    (via_min_size 0.4)
    (via_min_drill 0.3)
    (uvia_size 0.3)
    (uvia_drill 0.1)
    (uvias_allowed no)
    (uvia_min_size 0.2)
    (uvia_min_drill 0.1)
    (edge_width 0.1)
    (segment_width 0.2)
    (pcb_text_width 0.3)
    (pcb_text_size 1.5 1.5)
    (mod_edge_width 0.12)
    (mod_text_size 0.7 0.7)
    (mod_text_width 0.105)
    (pad_size 0.65 0.4)
    (pad_drill 0)
    (pad_to_mask_clearance 0.05)
    (aux_axis_origin 0 0)
    (visible_elements 7FFFFF1F)
    (pcbplotparams
      (layerselection 0x010fc_ffffffff)
      (usegerberextensions false)
      (usegerberattributes true)
      (usegerberadvancedattributes true)
      (creategerberjobfile true)
      (excludeedgelayer true)
      (linewidth 0.100000)
      (plotframeref false)
      (viasonmask false)
      (mode 1)
      (useauxorigin false)
      (hpglpennumber 1)
      (hpglpenspeed 20)
      (hpglpendiameter 15.000000)
      (psnegative false)
      (psa4output false)
      (plotreference true)
      (plotvalue true)
      (plotinvisibletext false)
      (padsonsilk false)
      (subtractmaskfromsilk false)
      (outputformat 1)
      (mirror false)
      (drillshape 1)
      (scaleselection 1)
      (outputdirectory ""))
  )

  (net 0 "")
  (net 1 GND)
  (net 2 /5V_USB)
  (net 3 +3V3)
  (net 4 /WMCU_RESET)
  (net 5 GNDD)
  (net 6 "Net-(D102-Pad2)")
  (net 7 "Net-(D102-Pad1)")
  (net 8 "Net-(D103-Pad2)")
  (net 9 "Net-(D103-Pad1)")
  (net 10 "Net-(D104-Pad2)")
  (net 11 "Net-(D104-Pad1)")
  (net 12 "Net-(D105-Pad3)")
  (net 13 "Net-(D105-Pad2)")
  (net 14 "Net-(D105-Pad1)")
  (net 15 /DIO17_TDI)
  (net 16 /DIO16_TDO)
  (net 17 /WMCU_TCK)
  (net 18 /WMCU_TMS)
  (net 19 /DIO13_TXD)
  (net 20 /DIO12_RXD)
  (net 21 "Net-(JP101-Pad1)")
  (net 22 SPI_MISO)
  (net 23 "Net-(JP102-Pad1)")
  (net 24 "Net-(LS101-Pad2)")
  (net 25 "Net-(Q101-Pad1)")
  (net 26 "Net-(R101-Pad1)")
  (net 27 "Net-(R103-Pad1)")
  (net 28 "Net-(R122-Pad2)")
  (net 29 "Net-(R123-Pad1)")
  (net 30 "Net-(R124-Pad1)")
  (net 31 SPI_SCK)
  (net 32 SPI_MOSI)
  (net 33 "Net-(C111-Pad1)")
  (net 34 "Net-(C116-Pad1)")
  (net 35 GNDA)
  (net 36 "Net-(J101-Pad14)")
  (net 37 "Net-(J101-Pad12)")
  (net 38 "Net-(JP104-Pad2)")
  (net 39 "Net-(JP104-Pad1)")
  (net 40 "Net-(JP105-Pad2)")
  (net 41 "Net-(JP106-Pad2)")
  (net 42 "Net-(R133-Pad2)")
  (net 43 "Net-(R134-Pad2)")
  (net 44 "Net-(R135-Pad2)")
  (net 45 "Net-(R136-Pad2)")
  (net 46 "Net-(R137-Pad2)")
  (net 47 "Net-(R138-Pad2)")
  (net 48 "Net-(R139-Pad2)")
  (net 49 "Net-(C130-Pad1)")
  (net 50 "Net-(C131-Pad1)")
  (net 51 "Net-(C133-Pad1)")
  (net 52 "Net-(C21-Pad1)")
  (net 53 "Net-(C24-Pad2)")
  (net 54 "Net-(C25-Pad1)")
  (net 55 "Net-(C32-Pad1)")
  (net 56 "Net-(C33-Pad1)")
  (net 57 "Net-(C33-Pad2)")
  (net 58 "Net-(C34-Pad1)")
  (net 59 "Net-(C35-Pad2)")
  (net 60 "Net-(C36-Pad1)")
  (net 61 "Net-(C37-Pad1)")
  (net 62 "Net-(C37-Pad2)")
  (net 63 "Net-(D4-Pad2)")
  (net 64 "Net-(D6-Pad2)")
  (net 65 "Net-(Q1-Pad1)")
  (net 66 "Net-(Q1-Pad3)")
  (net 67 "Net-(C140-Pad1)")
  (net 68 "Net-(C141-Pad1)")
  (net 69 "Net-(C160-Pad1)")
  (net 70 "/Eth + PoE/PoE Flyback/VP")
  (net 71 "/Eth + PoE/PoE Flyback/VN")
  (net 72 "/Eth + PoE/PoE Flyback/VSS_FILT")
  (net 73 "/Eth + PoE/ETH_3V3A")
  (net 74 "/Eth + PoE/ETH_RX_P")
  (net 75 "/Eth + PoE/ETH_RX_N")
  (net 76 "/Eth + PoE/ETH_TX_N")
  (net 77 "/Eth + PoE/ETH_TX_P")
  (net 78 /TARGET_VDD)
  (net 79 "/Eth + PoE/PoE Flyback/APD")
  (net 80 "/Eth + PoE/LINK_LED")
  (net 81 "/Eth + PoE/ACT_LED")
  (net 82 "/Debug and Serial/5V_USB")
  (net 83 "/Debug and Serial/3.3_USB")
  (net 84 "/Debug and Serial/USB_DP")
  (net 85 "/Debug and Serial/USB_DN")
  (net 86 "/Debug and Serial/WMCU_RTS")
  (net 87 "/Debug and Serial/WMCU_CTS")
  (net 88 "Net-(C301-Pad1)")
  (net 89 "Net-(C302-Pad1)")
  (net 90 "Net-(C302-Pad2)")
  (net 91 I2C_SDA)
  (net 92 I2C_SCL)
  (net 93 /PIR_SENSE)
  (net 94 "Net-(R302-Pad1)")
  (net 95 "Net-(R601-Pad2)")
  (net 96 "Net-(R602-Pad2)")
  (net 97 "Net-(R603-Pad1)")
  (net 98 "Net-(U301-Pad2)")
  (net 99 "Net-(U301-Pad4)")
  (net 100 "Net-(U301-Pad5)")
  (net 101 "Net-(U301-Pad1)")
  (net 102 "Net-(U601-Pad4)")
  (net 103 +1V8)
  (net 104 "Net-(C504-Pad1)")
  (net 105 +5V)
  (net 106 "Net-(C508-Pad1)")
  (net 107 "Net-(D501-Pad1)")
  (net 108 "Net-(D501-Pad2)")
  (net 109 "Net-(R501-Pad1)")
  (net 110 "Net-(C112-Pad1)")
  (net 111 +BATT)
  (net 112 /Power/5VOUT_BST)
  (net 113 "Net-(C706-Pad2)")
  (net 114 "Net-(C709-Pad2)")
  (net 115 "/Eth + PoE/PoE Flyback/DC_BARREL")
  (net 116 /EXT_Sleep)
  (net 117 "Net-(J303-Pad2)")
  (net 118 /WMCU_RTS)
  (net 119 "Net-(J403-Pad3)")
  (net 120 "Net-(JP301-Pad2)")
  (net 121 "Net-(JP701-Pad2)")
  (net 122 "Net-(JP702-Pad2)")
  (net 123 /Power/VSW)
  (net 124 "Net-(L702-Pad1)")
  (net 125 "Net-(Q301-Pad1)")
  (net 126 "Net-(Q302-Pad1)")
  (net 127 "Net-(Q801-Pad1)")
  (net 128 "Net-(Q802-Pad1)")
  (net 129 "Net-(R19-Pad2)")
  (net 130 "Net-(R23-Pad1)")
  (net 131 "Net-(R25-Pad2)")
  (net 132 "Net-(R30-Pad2)")
  (net 133 "Net-(R32-Pad1)")
  (net 134 /I_LED_R)
  (net 135 /I_LED_G)
  (net 136 /I_LED_B)
  (net 137 "Net-(R114-Pad1)")
  (net 138 "Net-(R115-Pad1)")
  (net 139 5V_MainDet)
  (net 140 "Net-(R703-Pad2)")
  (net 141 /Power/EN_5V_BST)
  (net 142 /Multi_C)
  (net 143 /Multi_B)
  (net 144 /Multi_A)
  (net 145 /Multi_Press)
  (net 146 /Multi_D)
  (net 147 /LCD_DC)
  (net 148 /FONT_CS)
  (net 149 /CO_ADC)
  (net 150 /~ETH_RST)
  (net 151 /VOC_INT)
  (net 152 "Net-(C23-Pad1)")
  (net 153 "Net-(D3-Pad2)")
  (net 154 "Net-(D7-Pad2)")
  (net 155 "Net-(Q1-Pad2)")
  (net 156 "Net-(R21-Pad1)")
  (net 157 "Net-(R27-Pad2)")
  (net 158 "Net-(TP301-Pad1)")
  (net 159 "Net-(TP501-Pad1)")
  (net 160 "Net-(TP502-Pad1)")
  (net 161 /LCD_BACKLIGHT)
  (net 162 /SD_CS)
  (net 163 5V_Main)
  (net 164 "Net-(C801-Pad1)")
  (net 165 "Net-(D801-Pad2)")
  (net 166 /SPKR_Alt)
  (net 167 /SPKR)
  (net 168 "Net-(R806-Pad1)")
  (net 169 "Net-(D801-Pad1)")
  (net 170 "Net-(D802-Pad2)")
  (net 171 "/Eth + PoE/PoE Flyback/DC_FROM_AC")
  (net 172 "Net-(D305-Pad1)")

  (net_class Default "This is the default net class."
    (clearance 0.2)
    (trace_width 0.25)
    (via_dia 0.8)
    (via_drill 0.4)
    (uvia_dia 0.3)
    (uvia_drill 0.1)
    (add_net +1V8)
    (add_net +3V3)
    (add_net +5V)
    (add_net +BATT)
    (add_net /CO_ADC)
    (add_net /DIO12_RXD)
    (add_net /DIO13_TXD)
    (add_net /DIO16_TDO)
    (add_net /DIO17_TDI)
    (add_net "/Debug and Serial/3.3_USB")
    (add_net "/Debug and Serial/5V_USB")
    (add_net "/Debug and Serial/USB_DN")
    (add_net "/Debug and Serial/USB_DP")
    (add_net "/Debug and Serial/WMCU_CTS")
    (add_net "/Debug and Serial/WMCU_RTS")
    (add_net /EXT_Sleep)
    (add_net "/Eth + PoE/ACT_LED")
    (add_net "/Eth + PoE/ETH_3V3A")
    (add_net "/Eth + PoE/ETH_RX_N")
    (add_net "/Eth + PoE/ETH_RX_P")
    (add_net "/Eth + PoE/ETH_TX_N")
    (add_net "/Eth + PoE/ETH_TX_P")
    (add_net "/Eth + PoE/LINK_LED")
    (add_net "/Eth + PoE/PoE Flyback/APD")
    (add_net "/Eth + PoE/PoE Flyback/DC_BARREL")
    (add_net "/Eth + PoE/PoE Flyback/DC_FROM_AC")
    (add_net "/Eth + PoE/PoE Flyback/VN")
    (add_net "/Eth + PoE/PoE Flyback/VP")
    (add_net "/Eth + PoE/PoE Flyback/VSS_FILT")
    (add_net /FONT_CS)
    (add_net /I_LED_B)
    (add_net /I_LED_G)
    (add_net /I_LED_R)
    (add_net /LCD_BACKLIGHT)
    (add_net /LCD_DC)
    (add_net /Multi_A)
    (add_net /Multi_B)
    (add_net /Multi_C)
    (add_net /Multi_D)
    (add_net /Multi_Press)
    (add_net /PIR_SENSE)
    (add_net /Power/5VOUT_BST)
    (add_net /Power/EN_5V_BST)
    (add_net /Power/VSW)
    (add_net /SD_CS)
    (add_net /SPKR)
    (add_net /SPKR_Alt)
    (add_net /TARGET_VDD)
    (add_net /VOC_INT)
    (add_net /WMCU_RESET)
    (add_net /WMCU_RTS)
    (add_net /WMCU_TCK)
    (add_net /WMCU_TMS)
    (add_net /~ETH_RST)
    (add_net 5V_Main)
    (add_net 5V_MainDet)
    (add_net GND)
    (add_net GNDA)
    (add_net GNDD)
    (add_net I2C_SCL)
    (add_net I2C_SDA)
    (add_net "Net-(C111-Pad1)")
    (add_net "Net-(C112-Pad1)")
    (add_net "Net-(C116-Pad1)")
    (add_net "Net-(C130-Pad1)")
    (add_net "Net-(C131-Pad1)")
    (add_net "Net-(C133-Pad1)")
    (add_net "Net-(C140-Pad1)")
    (add_net "Net-(C141-Pad1)")
    (add_net "Net-(C160-Pad1)")
    (add_net "Net-(C21-Pad1)")
    (add_net "Net-(C23-Pad1)")
    (add_net "Net-(C24-Pad2)")
    (add_net "Net-(C25-Pad1)")
    (add_net "Net-(C301-Pad1)")
    (add_net "Net-(C302-Pad1)")
    (add_net "Net-(C302-Pad2)")
    (add_net "Net-(C32-Pad1)")
    (add_net "Net-(C33-Pad1)")
    (add_net "Net-(C33-Pad2)")
    (add_net "Net-(C34-Pad1)")
    (add_net "Net-(C35-Pad2)")
    (add_net "Net-(C36-Pad1)")
    (add_net "Net-(C37-Pad1)")
    (add_net "Net-(C37-Pad2)")
    (add_net "Net-(C504-Pad1)")
    (add_net "Net-(C508-Pad1)")
    (add_net "Net-(C706-Pad2)")
    (add_net "Net-(C709-Pad2)")
    (add_net "Net-(C801-Pad1)")
    (add_net "Net-(D102-Pad1)")
    (add_net "Net-(D102-Pad2)")
    (add_net "Net-(D103-Pad1)")
    (add_net "Net-(D103-Pad2)")
    (add_net "Net-(D104-Pad1)")
    (add_net "Net-(D104-Pad2)")
    (add_net "Net-(D105-Pad1)")
    (add_net "Net-(D105-Pad2)")
    (add_net "Net-(D105-Pad3)")
    (add_net "Net-(D3-Pad2)")
    (add_net "Net-(D305-Pad1)")
    (add_net "Net-(D4-Pad2)")
    (add_net "Net-(D501-Pad1)")
    (add_net "Net-(D501-Pad2)")
    (add_net "Net-(D6-Pad2)")
    (add_net "Net-(D7-Pad2)")
    (add_net "Net-(D801-Pad1)")
    (add_net "Net-(D801-Pad2)")
    (add_net "Net-(D802-Pad2)")
    (add_net "Net-(J101-Pad12)")
    (add_net "Net-(J101-Pad14)")
    (add_net "Net-(J303-Pad2)")
    (add_net "Net-(J403-Pad3)")
    (add_net "Net-(JP101-Pad1)")
    (add_net "Net-(JP102-Pad1)")
    (add_net "Net-(JP104-Pad1)")
    (add_net "Net-(JP104-Pad2)")
    (add_net "Net-(JP105-Pad2)")
    (add_net "Net-(JP106-Pad2)")
    (add_net "Net-(JP301-Pad2)")
    (add_net "Net-(JP701-Pad2)")
    (add_net "Net-(JP702-Pad2)")
    (add_net "Net-(L702-Pad1)")
    (add_net "Net-(LS101-Pad2)")
    (add_net "Net-(Q1-Pad1)")
    (add_net "Net-(Q1-Pad2)")
    (add_net "Net-(Q1-Pad3)")
    (add_net "Net-(Q101-Pad1)")
    (add_net "Net-(Q301-Pad1)")
    (add_net "Net-(Q302-Pad1)")
    (add_net "Net-(Q801-Pad1)")
    (add_net "Net-(Q802-Pad1)")
    (add_net "Net-(R101-Pad1)")
    (add_net "Net-(R103-Pad1)")
    (add_net "Net-(R114-Pad1)")
    (add_net "Net-(R115-Pad1)")
    (add_net "Net-(R122-Pad2)")
    (add_net "Net-(R123-Pad1)")
    (add_net "Net-(R124-Pad1)")
    (add_net "Net-(R133-Pad2)")
    (add_net "Net-(R134-Pad2)")
    (add_net "Net-(R135-Pad2)")
    (add_net "Net-(R136-Pad2)")
    (add_net "Net-(R137-Pad2)")
    (add_net "Net-(R138-Pad2)")
    (add_net "Net-(R139-Pad2)")
    (add_net "Net-(R19-Pad2)")
    (add_net "Net-(R21-Pad1)")
    (add_net "Net-(R23-Pad1)")
    (add_net "Net-(R25-Pad2)")
    (add_net "Net-(R27-Pad2)")
    (add_net "Net-(R30-Pad2)")
    (add_net "Net-(R302-Pad1)")
    (add_net "Net-(R32-Pad1)")
    (add_net "Net-(R501-Pad1)")
    (add_net "Net-(R601-Pad2)")
    (add_net "Net-(R602-Pad2)")
    (add_net "Net-(R603-Pad1)")
    (add_net "Net-(R703-Pad2)")
    (add_net "Net-(R806-Pad1)")
    (add_net "Net-(TP301-Pad1)")
    (add_net "Net-(TP501-Pad1)")
    (add_net "Net-(TP502-Pad1)")
    (add_net "Net-(U301-Pad1)")
    (add_net "Net-(U301-Pad2)")
    (add_net "Net-(U301-Pad4)")
    (add_net "Net-(U301-Pad5)")
    (add_net "Net-(U601-Pad4)")
    (add_net SPI_MISO)
    (add_net SPI_MOSI)
    (add_net SPI_SCK)
  )

  (net_class usb ""
    (clearance 0.1524)
    (trace_width 0.1524)
    (via_dia 0.8)
    (via_drill 0.4)
    (uvia_dia 0.3)
    (uvia_drill 0.1)
  )

  (module Resistor_SMD:R_0603_1608Metric (layer F.Cu) (tedit 5B301BBD) (tstamp 5FB986F5)
    (at 212.4 64.5 180)
    (descr "Resistor SMD 0603 (1608 Metric), square (rectangular) end terminal, IPC_7351 nominal, (Body size source: http://www.tortai-tech.com/upload/download/2011102023233369053.pdf), generated with kicad-footprint-generator")
    (tags resistor)
    (path /5FAF778C/5FBB8D05)
    (attr smd)
    (fp_text reference R703 (at -4.8895 -6.6421) (layer F.SilkS)
      (effects (font (size 0.7 0.7) (thickness 0.105)))
    )
    (fp_text value 392k (at 0 1.43) (layer F.Fab)
      (effects (font (size 0.7 0.7) (thickness 0.105)))
    )
    (fp_line (start -0.8 0.4) (end -0.8 -0.4) (layer F.Fab) (width 0.1))
    (fp_line (start -0.8 -0.4) (end 0.8 -0.4) (layer F.Fab) (width 0.1))
    (fp_line (start 0.8 -0.4) (end 0.8 0.4) (layer F.Fab) (width 0.1))
    (fp_line (start 0.8 0.4) (end -0.8 0.4) (layer F.Fab) (width 0.1))
    (fp_line (start -0.162779 -0.51) (end 0.162779 -0.51) (layer F.SilkS) (width 0.12))
    (fp_line (start -0.162779 0.51) (end 0.162779 0.51) (layer F.SilkS) (width 0.12))
    (fp_line (start -1.48 0.73) (end -1.48 -0.73) (layer F.CrtYd) (width 0.05))
    (fp_line (start -1.48 -0.73) (end 1.48 -0.73) (layer F.CrtYd) (width 0.05))
    (fp_line (start 1.48 -0.73) (end 1.48 0.73) (layer F.CrtYd) (width 0.05))
    (fp_line (start 1.48 0.73) (end -1.48 0.73) (layer F.CrtYd) (width 0.05))
    (fp_text user %R (at 0 0) (layer F.Fab)
      (effects (font (size 0.7 0.7) (thickness 0.105)))
    )
    (pad 2 smd roundrect (at 0.7875 0 180) (size 0.875 0.95) (layers F.Cu F.Paste F.Mask) (roundrect_rratio 0.25)
      (net 140 "Net-(R703-Pad2)"))
    (pad 1 smd roundrect (at -0.7875 0 180) (size 0.875 0.95) (layers F.Cu F.Paste F.Mask) (roundrect_rratio 0.25)
      (net 3 +3V3))
    (model ${KISYS3DMOD}/Resistor_SMD.3dshapes/R_0603_1608Metric.wrl
      (at (xyz 0 0 0))
      (scale (xyz 1 1 1))
      (rotate (xyz 0 0 0))
    )
  )

  (module Capacitor_SMD:C_0603_1608Metric (layer F.Cu) (tedit 5B301BBE) (tstamp 5FB976C2)
    (at 274.0203 -7.3492 180)
    (descr "Capacitor SMD 0603 (1608 Metric), square (rectangular) end terminal, IPC_7351 nominal, (Body size source: http://www.tortai-tech.com/upload/download/2011102023233369053.pdf), generated with kicad-footprint-generator")
    (tags capacitor)
    (path /5FAF778C/5E77A038)
    (attr smd)
    (fp_text reference C705 (at 0.0127 -4.4196) (layer F.SilkS)
      (effects (font (size 0.7 0.7) (thickness 0.105)))
    )
    (fp_text value 10u (at 0 1.43) (layer F.Fab)
      (effects (font (size 0.7 0.7) (thickness 0.105)))
    )
    (fp_line (start -0.8 0.4) (end -0.8 -0.4) (layer F.Fab) (width 0.1))
    (fp_line (start -0.8 -0.4) (end 0.8 -0.4) (layer F.Fab) (width 0.1))
    (fp_line (start 0.8 -0.4) (end 0.8 0.4) (layer F.Fab) (width 0.1))
    (fp_line (start 0.8 0.4) (end -0.8 0.4) (layer F.Fab) (width 0.1))
    (fp_line (start -0.162779 -0.51) (end 0.162779 -0.51) (layer F.SilkS) (width 0.12))
    (fp_line (start -0.162779 0.51) (end 0.162779 0.51) (layer F.SilkS) (width 0.12))
    (fp_line (start -1.48 0.73) (end -1.48 -0.73) (layer F.CrtYd) (width 0.05))
    (fp_line (start -1.48 -0.73) (end 1.48 -0.73) (layer F.CrtYd) (width 0.05))
    (fp_line (start 1.48 -0.73) (end 1.48 0.73) (layer F.CrtYd) (width 0.05))
    (fp_line (start 1.48 0.73) (end -1.48 0.73) (layer F.CrtYd) (width 0.05))
    (fp_text user %R (at 0 0) (layer F.Fab)
      (effects (font (size 0.7 0.7) (thickness 0.105)))
    )
    (pad 2 smd roundrect (at 0.7875 0 180) (size 0.875 0.95) (layers F.Cu F.Paste F.Mask) (roundrect_rratio 0.25)
      (net 1 GND))
    (pad 1 smd roundrect (at -0.7875 0 180) (size 0.875 0.95) (layers F.Cu F.Paste F.Mask) (roundrect_rratio 0.25)
      (net 111 +BATT))
    (model ${KISYS3DMOD}/Capacitor_SMD.3dshapes/C_0603_1608Metric.wrl
      (at (xyz 0 0 0))
      (scale (xyz 1 1 1))
      (rotate (xyz 0 0 0))
    )
  )

  (module Resistor_SMD:R_0603_1608Metric (layer F.Cu) (tedit 5B301BBD) (tstamp 5FB976AD)
    (at 210.1297 66.8357 270)
    (descr "Resistor SMD 0603 (1608 Metric), square (rectangular) end terminal, IPC_7351 nominal, (Body size source: http://www.tortai-tech.com/upload/download/2011102023233369053.pdf), generated with kicad-footprint-generator")
    (tags resistor)
    (path /5FAF778C/5E77A026)
    (attr smd)
    (fp_text reference R705 (at 4.8895 6.0833 90) (layer F.SilkS)
      (effects (font (size 0.7 0.7) (thickness 0.105)))
    )
    (fp_text value 100k (at 0 1.43 90) (layer F.Fab)
      (effects (font (size 0.7 0.7) (thickness 0.105)))
    )
    (fp_line (start 1.48 0.73) (end -1.48 0.73) (layer F.CrtYd) (width 0.05))
    (fp_line (start 1.48 -0.73) (end 1.48 0.73) (layer F.CrtYd) (width 0.05))
    (fp_line (start -1.48 -0.73) (end 1.48 -0.73) (layer F.CrtYd) (width 0.05))
    (fp_line (start -1.48 0.73) (end -1.48 -0.73) (layer F.CrtYd) (width 0.05))
    (fp_line (start -0.162779 0.51) (end 0.162779 0.51) (layer F.SilkS) (width 0.12))
    (fp_line (start -0.162779 -0.51) (end 0.162779 -0.51) (layer F.SilkS) (width 0.12))
    (fp_line (start 0.8 0.4) (end -0.8 0.4) (layer F.Fab) (width 0.1))
    (fp_line (start 0.8 -0.4) (end 0.8 0.4) (layer F.Fab) (width 0.1))
    (fp_line (start -0.8 -0.4) (end 0.8 -0.4) (layer F.Fab) (width 0.1))
    (fp_line (start -0.8 0.4) (end -0.8 -0.4) (layer F.Fab) (width 0.1))
    (fp_text user %R (at 0 0 90) (layer F.Fab)
      (effects (font (size 0.7 0.7) (thickness 0.105)))
    )
    (pad 1 smd roundrect (at -0.7875 0 270) (size 0.875 0.95) (layers F.Cu F.Paste F.Mask) (roundrect_rratio 0.25)
      (net 1 GND))
    (pad 2 smd roundrect (at 0.7875 0 270) (size 0.875 0.95) (layers F.Cu F.Paste F.Mask) (roundrect_rratio 0.25)
      (net 114 "Net-(C709-Pad2)"))
    (model ${KISYS3DMOD}/Resistor_SMD.3dshapes/R_0603_1608Metric.wrl
      (at (xyz 0 0 0))
      (scale (xyz 1 1 1))
      (rotate (xyz 0 0 0))
    )
  )

  (module mylib:Texas_VQFN-HR-7 (layer F.Cu) (tedit 5E66EC5F) (tstamp 5FB97674)
    (at 274.4775 -11.8704 270)
    (path /5FAF778C/5E77A007)
    (attr smd)
    (fp_text reference U701 (at 0 1.8415 90) (layer F.SilkS)
      (effects (font (size 0.7 0.7) (thickness 0.105)))
    )
    (fp_text value TPS61022 (at 0 -2 90) (layer F.Fab)
      (effects (font (size 0.7 0.7) (thickness 0.105)))
    )
    (fp_line (start -1 0.85) (end -1 1) (layer F.SilkS) (width 0.1))
    (fp_line (start -1 -1) (end -1 -0.85) (layer F.SilkS) (width 0.1))
    (fp_line (start -1.4 -1.15) (end -1.4 1.15) (layer F.CrtYd) (width 0.05))
    (fp_line (start -1.4 -1.15) (end 1.4 -1.15) (layer F.CrtYd) (width 0.05))
    (fp_line (start 1.4 1.15) (end -1.4 1.15) (layer F.CrtYd) (width 0.05))
    (fp_line (start 1.4 1.15) (end 1.4 -1.15) (layer F.CrtYd) (width 0.05))
    (fp_circle (center -1.4 -1) (end -1.3 -1) (layer F.SilkS) (width 0.1))
    (fp_line (start 1 1) (end -1 1) (layer F.SilkS) (width 0.1))
    (fp_line (start -1 -1) (end 1 -1) (layer F.SilkS) (width 0.1))
    (fp_line (start -1 -1) (end 1 -1) (layer F.Fab) (width 0.1))
    (fp_line (start 1 -1) (end 1 1) (layer F.Fab) (width 0.1))
    (fp_line (start 1 1) (end -1 1) (layer F.Fab) (width 0.1))
    (fp_line (start -1 1) (end -1 -1) (layer F.Fab) (width 0.1))
    (pad 5 smd roundrect (at 0.975 0.25 270) (size 0.45 0.25) (layers F.Cu F.Paste F.Mask) (roundrect_rratio 0.25)
      (net 141 /Power/EN_5V_BST) (solder_mask_margin 0.05))
    (pad 4 smd roundrect (at 0.975 0.75 270) (size 0.45 0.25) (layers F.Cu F.Paste F.Mask) (roundrect_rratio 0.25)
      (net 113 "Net-(C706-Pad2)") (solder_mask_margin 0.05))
    (pad 6 smd roundrect (at 0.975 -0.25 270) (size 0.45 0.25) (layers F.Cu F.Paste F.Mask) (roundrect_rratio 0.25)
      (net 122 "Net-(JP702-Pad2)") (solder_mask_margin 0.05))
    (pad 7 smd roundrect (at 0.975 -0.75 270) (size 0.45 0.25) (layers F.Cu F.Paste F.Mask) (roundrect_rratio 0.25)
      (net 111 +BATT) (solder_mask_margin 0.05))
    (pad 2 smd roundrect (at -0.475 0 270) (size 1.45 0.2) (layers F.Cu F.Paste F.Mask) (roundrect_rratio 0.25)
      (net 123 /Power/VSW) (solder_mask_margin 0.05) (solder_paste_margin_ratio -0.0083))
    (pad 3 smd roundrect (at -0.625 0.55 270) (size 1.15 0.35) (layers F.Cu F.Paste F.Mask) (roundrect_rratio 0.25)
      (net 112 /Power/5VOUT_BST) (solder_mask_margin 0.05) (solder_paste_margin_ratio -0.0083))
    (pad 1 smd roundrect (at -0.625 -0.55 270) (size 1.15 0.35) (layers F.Cu F.Paste F.Mask) (roundrect_rratio 0.25)
      (net 1 GND) (solder_mask_margin 0.05) (solder_paste_margin_ratio -0.0083))
    (model ${KIMY3DMOD}/TI_RWU0007A.step
      (at (xyz 0 0 0))
      (scale (xyz 1 1 1))
      (rotate (xyz 0 0 0))
    )
  )

  (module Resistor_SMD:R_0603_1608Metric (layer F.Cu) (tedit 5B301BBD) (tstamp 5FB97664)
    (at 270.4134 -8.8986 180)
    (descr "Resistor SMD 0603 (1608 Metric), square (rectangular) end terminal, IPC_7351 nominal, (Body size source: http://www.tortai-tech.com/upload/download/2011102023233369053.pdf), generated with kicad-footprint-generator")
    (tags resistor)
    (path /5FAF778C/5E854F36)
    (attr smd)
    (fp_text reference R702 (at -0.343 3.6322) (layer F.SilkS)
      (effects (font (size 0.7 0.7) (thickness 0.105)))
    )
    (fp_text value 732k (at 0 1.43) (layer F.Fab)
      (effects (font (size 0.7 0.7) (thickness 0.105)))
    )
    (fp_line (start 1.48 0.73) (end -1.48 0.73) (layer F.CrtYd) (width 0.05))
    (fp_line (start 1.48 -0.73) (end 1.48 0.73) (layer F.CrtYd) (width 0.05))
    (fp_line (start -1.48 -0.73) (end 1.48 -0.73) (layer F.CrtYd) (width 0.05))
    (fp_line (start -1.48 0.73) (end -1.48 -0.73) (layer F.CrtYd) (width 0.05))
    (fp_line (start -0.162779 0.51) (end 0.162779 0.51) (layer F.SilkS) (width 0.12))
    (fp_line (start -0.162779 -0.51) (end 0.162779 -0.51) (layer F.SilkS) (width 0.12))
    (fp_line (start 0.8 0.4) (end -0.8 0.4) (layer F.Fab) (width 0.1))
    (fp_line (start 0.8 -0.4) (end 0.8 0.4) (layer F.Fab) (width 0.1))
    (fp_line (start -0.8 -0.4) (end 0.8 -0.4) (layer F.Fab) (width 0.1))
    (fp_line (start -0.8 0.4) (end -0.8 -0.4) (layer F.Fab) (width 0.1))
    (fp_text user %R (at 0 0) (layer F.Fab)
      (effects (font (size 0.7 0.7) (thickness 0.105)))
    )
    (pad 1 smd roundrect (at -0.7875 0 180) (size 0.875 0.95) (layers F.Cu F.Paste F.Mask) (roundrect_rratio 0.25)
      (net 113 "Net-(C706-Pad2)"))
    (pad 2 smd roundrect (at 0.7875 0 180) (size 0.875 0.95) (layers F.Cu F.Paste F.Mask) (roundrect_rratio 0.25)
      (net 112 /Power/5VOUT_BST))
    (model ${KISYS3DMOD}/Resistor_SMD.3dshapes/R_0603_1608Metric.wrl
      (at (xyz 0 0 0))
      (scale (xyz 1 1 1))
      (rotate (xyz 0 0 0))
    )
  )

  (module Capacitor_SMD:C_0603_1608Metric (layer F.Cu) (tedit 5B301BBE) (tstamp 5FB97654)
    (at 274.0203 -8.924 180)
    (descr "Capacitor SMD 0603 (1608 Metric), square (rectangular) end terminal, IPC_7351 nominal, (Body size source: http://www.tortai-tech.com/upload/download/2011102023233369053.pdf), generated with kicad-footprint-generator")
    (tags capacitor)
    (path /5FAF778C/5E77A02F)
    (attr smd)
    (fp_text reference C704 (at -0.0381 -5.08) (layer F.SilkS)
      (effects (font (size 0.7 0.7) (thickness 0.105)))
    )
    (fp_text value 10u (at 0 1.43) (layer F.Fab)
      (effects (font (size 0.7 0.7) (thickness 0.105)))
    )
    (fp_line (start 1.48 0.73) (end -1.48 0.73) (layer F.CrtYd) (width 0.05))
    (fp_line (start 1.48 -0.73) (end 1.48 0.73) (layer F.CrtYd) (width 0.05))
    (fp_line (start -1.48 -0.73) (end 1.48 -0.73) (layer F.CrtYd) (width 0.05))
    (fp_line (start -1.48 0.73) (end -1.48 -0.73) (layer F.CrtYd) (width 0.05))
    (fp_line (start -0.162779 0.51) (end 0.162779 0.51) (layer F.SilkS) (width 0.12))
    (fp_line (start -0.162779 -0.51) (end 0.162779 -0.51) (layer F.SilkS) (width 0.12))
    (fp_line (start 0.8 0.4) (end -0.8 0.4) (layer F.Fab) (width 0.1))
    (fp_line (start 0.8 -0.4) (end 0.8 0.4) (layer F.Fab) (width 0.1))
    (fp_line (start -0.8 -0.4) (end 0.8 -0.4) (layer F.Fab) (width 0.1))
    (fp_line (start -0.8 0.4) (end -0.8 -0.4) (layer F.Fab) (width 0.1))
    (fp_text user %R (at 0 0) (layer F.Fab)
      (effects (font (size 0.7 0.7) (thickness 0.105)))
    )
    (pad 1 smd roundrect (at -0.7875 0 180) (size 0.875 0.95) (layers F.Cu F.Paste F.Mask) (roundrect_rratio 0.25)
      (net 111 +BATT))
    (pad 2 smd roundrect (at 0.7875 0 180) (size 0.875 0.95) (layers F.Cu F.Paste F.Mask) (roundrect_rratio 0.25)
      (net 1 GND))
    (model ${KISYS3DMOD}/Capacitor_SMD.3dshapes/C_0603_1608Metric.wrl
      (at (xyz 0 0 0))
      (scale (xyz 1 1 1))
      (rotate (xyz 0 0 0))
    )
  )

  (module Package_TO_SOT_SMD:SOT-563 (layer F.Cu) (tedit 5B089930) (tstamp 5FB9763A)
    (at 207.9453 67.6485)
    (descr SOT563)
    (tags SOT-563)
    (path /5FAF778C/5E77A0E2)
    (clearance 0.0508)
    (attr smd)
    (fp_text reference U702 (at -0.0381 -1.4605) (layer F.SilkS)
      (effects (font (size 0.7 0.7) (thickness 0.105)))
    )
    (fp_text value TLV62585 (at 0 1.75) (layer F.Fab)
      (effects (font (size 0.7 0.7) (thickness 0.105)))
    )
    (fp_line (start -0.65 -0.5) (end -0.3 -0.85) (layer F.Fab) (width 0.1))
    (fp_line (start 0.65 0.9) (end -0.65 0.9) (layer F.SilkS) (width 0.12))
    (fp_line (start -0.9 -0.9) (end 0.65 -0.9) (layer F.SilkS) (width 0.12))
    (fp_line (start -0.65 -0.5) (end -0.65 0.85) (layer F.Fab) (width 0.1))
    (fp_line (start -0.65 0.85) (end 0.65 0.85) (layer F.Fab) (width 0.1))
    (fp_line (start 0.65 0.85) (end 0.65 -0.85) (layer F.Fab) (width 0.1))
    (fp_line (start 0.65 -0.85) (end -0.3 -0.85) (layer F.Fab) (width 0.1))
    (fp_line (start -1.35 -1.1) (end 1.35 -1.1) (layer F.CrtYd) (width 0.05))
    (fp_line (start -1.35 -1.1) (end -1.35 1.1) (layer F.CrtYd) (width 0.05))
    (fp_line (start 1.35 1.1) (end 1.35 -1.1) (layer F.CrtYd) (width 0.05))
    (fp_line (start 1.35 1.1) (end -1.35 1.1) (layer F.CrtYd) (width 0.05))
    (fp_text user %R (at 0 0 90) (layer F.Fab)
      (effects (font (size 0.7 0.7) (thickness 0.105)))
    )
    (pad 5 smd rect (at 0.75 0) (size 0.7 0.4) (layers F.Cu F.Paste F.Mask)
      (net 114 "Net-(C709-Pad2)"))
    (pad 4 smd rect (at 0.75 0.5) (size 0.7 0.4) (layers F.Cu F.Paste F.Mask)
      (net 105 +5V))
    (pad 2 smd rect (at -0.75 0) (size 0.7 0.4) (layers F.Cu F.Paste F.Mask)
      (net 124 "Net-(L702-Pad1)"))
    (pad 6 smd rect (at 0.75 -0.5) (size 0.7 0.4) (layers F.Cu F.Paste F.Mask))
    (pad 3 smd rect (at -0.75 0.5) (size 0.7 0.4) (layers F.Cu F.Paste F.Mask)
      (net 105 +5V))
    (pad 1 smd rect (at -0.75 -0.5) (size 0.7 0.4) (layers F.Cu F.Paste F.Mask)
      (net 1 GND))
    (model ${KISYS3DMOD}/Package_TO_SOT_SMD.3dshapes/SOT-563.wrl
      (at (xyz 0 0 0))
      (scale (xyz 1 1 1))
      (rotate (xyz 0 0 0))
    )
  )

  (module Resistor_SMD:R_0603_1608Metric (layer F.Cu) (tedit 5B301BBD) (tstamp 5FB9741F)
    (at 270.4134 -7.3746 180)
    (descr "Resistor SMD 0603 (1608 Metric), square (rectangular) end terminal, IPC_7351 nominal, (Body size source: http://www.tortai-tech.com/upload/download/2011102023233369053.pdf), generated with kicad-footprint-generator")
    (tags resistor)
    (path /5FAF778C/5E854F2B)
    (attr smd)
    (fp_text reference R704 (at -0.343 4.191) (layer F.SilkS)
      (effects (font (size 0.7 0.7) (thickness 0.105)))
    )
    (fp_text value 100k (at 0 1.43) (layer F.Fab)
      (effects (font (size 0.7 0.7) (thickness 0.105)))
    )
    (fp_line (start -0.8 0.4) (end -0.8 -0.4) (layer F.Fab) (width 0.1))
    (fp_line (start -0.8 -0.4) (end 0.8 -0.4) (layer F.Fab) (width 0.1))
    (fp_line (start 0.8 -0.4) (end 0.8 0.4) (layer F.Fab) (width 0.1))
    (fp_line (start 0.8 0.4) (end -0.8 0.4) (layer F.Fab) (width 0.1))
    (fp_line (start -0.162779 -0.51) (end 0.162779 -0.51) (layer F.SilkS) (width 0.12))
    (fp_line (start -0.162779 0.51) (end 0.162779 0.51) (layer F.SilkS) (width 0.12))
    (fp_line (start -1.48 0.73) (end -1.48 -0.73) (layer F.CrtYd) (width 0.05))
    (fp_line (start -1.48 -0.73) (end 1.48 -0.73) (layer F.CrtYd) (width 0.05))
    (fp_line (start 1.48 -0.73) (end 1.48 0.73) (layer F.CrtYd) (width 0.05))
    (fp_line (start 1.48 0.73) (end -1.48 0.73) (layer F.CrtYd) (width 0.05))
    (fp_text user %R (at 0 0) (layer F.Fab)
      (effects (font (size 0.7 0.7) (thickness 0.105)))
    )
    (pad 2 smd roundrect (at 0.7875 0 180) (size 0.875 0.95) (layers F.Cu F.Paste F.Mask) (roundrect_rratio 0.25)
      (net 113 "Net-(C706-Pad2)"))
    (pad 1 smd roundrect (at -0.7875 0 180) (size 0.875 0.95) (layers F.Cu F.Paste F.Mask) (roundrect_rratio 0.25)
      (net 1 GND))
    (model ${KISYS3DMOD}/Resistor_SMD.3dshapes/R_0603_1608Metric.wrl
      (at (xyz 0 0 0))
      (scale (xyz 1 1 1))
      (rotate (xyz 0 0 0))
    )
  )

  (module Capacitor_SMD:C_0603_1608Metric (layer F.Cu) (tedit 5B301BBE) (tstamp 5FB97403)
    (at 213.1777 66.8357 270)
    (descr "Capacitor SMD 0603 (1608 Metric), square (rectangular) end terminal, IPC_7351 nominal, (Body size source: http://www.tortai-tech.com/upload/download/2011102023233369053.pdf), generated with kicad-footprint-generator")
    (tags capacitor)
    (path /5FAF778C/5E6A4F99)
    (attr smd)
    (fp_text reference C709 (at 4.8895 7.2517 90) (layer F.SilkS)
      (effects (font (size 0.7 0.7) (thickness 0.105)))
    )
    (fp_text value 100p (at 0 1.43 90) (layer F.Fab)
      (effects (font (size 0.7 0.7) (thickness 0.105)))
    )
    (fp_line (start 1.48 0.73) (end -1.48 0.73) (layer F.CrtYd) (width 0.05))
    (fp_line (start 1.48 -0.73) (end 1.48 0.73) (layer F.CrtYd) (width 0.05))
    (fp_line (start -1.48 -0.73) (end 1.48 -0.73) (layer F.CrtYd) (width 0.05))
    (fp_line (start -1.48 0.73) (end -1.48 -0.73) (layer F.CrtYd) (width 0.05))
    (fp_line (start -0.162779 0.51) (end 0.162779 0.51) (layer F.SilkS) (width 0.12))
    (fp_line (start -0.162779 -0.51) (end 0.162779 -0.51) (layer F.SilkS) (width 0.12))
    (fp_line (start 0.8 0.4) (end -0.8 0.4) (layer F.Fab) (width 0.1))
    (fp_line (start 0.8 -0.4) (end 0.8 0.4) (layer F.Fab) (width 0.1))
    (fp_line (start -0.8 -0.4) (end 0.8 -0.4) (layer F.Fab) (width 0.1))
    (fp_line (start -0.8 0.4) (end -0.8 -0.4) (layer F.Fab) (width 0.1))
    (fp_text user %R (at 0 0 90) (layer F.Fab)
      (effects (font (size 0.7 0.7) (thickness 0.105)))
    )
    (pad 1 smd roundrect (at -0.7875 0 270) (size 0.875 0.95) (layers F.Cu F.Paste F.Mask) (roundrect_rratio 0.25)
      (net 3 +3V3))
    (pad 2 smd roundrect (at 0.7875 0 270) (size 0.875 0.95) (layers F.Cu F.Paste F.Mask) (roundrect_rratio 0.25)
      (net 114 "Net-(C709-Pad2)"))
    (model ${KISYS3DMOD}/Capacitor_SMD.3dshapes/C_0603_1608Metric.wrl
      (at (xyz 0 0 0))
      (scale (xyz 1 1 1))
      (rotate (xyz 0 0 0))
    )
  )

  (module Capacitor_SMD:C_1210_3225Metric (layer F.Cu) (tedit 5B301BBE) (tstamp 5FB973F3)
    (at 274.4775 -18.2712)
    (descr "Capacitor SMD 1210 (3225 Metric), square (rectangular) end terminal, IPC_7351 nominal, (Body size source: http://www.tortai-tech.com/upload/download/2011102023233369053.pdf), generated with kicad-footprint-generator")
    (tags capacitor)
    (path /5FAF778C/5E77A06B)
    (attr smd)
    (fp_text reference C708 (at -0.1016 -3.1436) (layer F.SilkS)
      (effects (font (size 0.7 0.7) (thickness 0.105)))
    )
    (fp_text value 47u (at 0 2.28) (layer F.Fab)
      (effects (font (size 0.7 0.7) (thickness 0.105)))
    )
    (fp_line (start 2.28 1.58) (end -2.28 1.58) (layer F.CrtYd) (width 0.05))
    (fp_line (start 2.28 -1.58) (end 2.28 1.58) (layer F.CrtYd) (width 0.05))
    (fp_line (start -2.28 -1.58) (end 2.28 -1.58) (layer F.CrtYd) (width 0.05))
    (fp_line (start -2.28 1.58) (end -2.28 -1.58) (layer F.CrtYd) (width 0.05))
    (fp_line (start -0.602064 1.36) (end 0.602064 1.36) (layer F.SilkS) (width 0.12))
    (fp_line (start -0.602064 -1.36) (end 0.602064 -1.36) (layer F.SilkS) (width 0.12))
    (fp_line (start 1.6 1.25) (end -1.6 1.25) (layer F.Fab) (width 0.1))
    (fp_line (start 1.6 -1.25) (end 1.6 1.25) (layer F.Fab) (width 0.1))
    (fp_line (start -1.6 -1.25) (end 1.6 -1.25) (layer F.Fab) (width 0.1))
    (fp_line (start -1.6 1.25) (end -1.6 -1.25) (layer F.Fab) (width 0.1))
    (fp_text user %R (at 0 0) (layer F.Fab)
      (effects (font (size 0.7 0.7) (thickness 0.105)))
    )
    (pad 1 smd roundrect (at -1.4 0) (size 1.25 2.65) (layers F.Cu F.Paste F.Mask) (roundrect_rratio 0.2)
      (net 112 /Power/5VOUT_BST))
    (pad 2 smd roundrect (at 1.4 0) (size 1.25 2.65) (layers F.Cu F.Paste F.Mask) (roundrect_rratio 0.2)
      (net 1 GND))
    (model ${KISYS3DMOD}/Capacitor_SMD.3dshapes/C_1210_3225Metric.wrl
      (at (xyz 0 0 0))
      (scale (xyz 1 1 1))
      (rotate (xyz 0 0 0))
    )
  )

  (module mylib:L_Wuerth_HCI-5040 (layer F.Cu) (tedit 5E66E468) (tstamp 5FB973BD)
    (at 278.6431 -8.3652 90)
    (descr "Inductor, Wuerth Elektronik, Wuerth_HCI-5040, 5.5mmx5.2mm")
    (tags "inductor Wuerth hci smd")
    (path /5FAF778C/5E779FDE)
    (attr smd)
    (fp_text reference L701 (at 4.4704 -1.1811 90) (layer F.SilkS)
      (effects (font (size 0.7 0.7) (thickness 0.105)))
    )
    (fp_text value 1u (at 0 4.1 90) (layer F.Fab)
      (effects (font (size 0.7 0.7) (thickness 0.105)))
    )
    (fp_line (start -0.762 0) (end -1.016 0) (layer F.SilkS) (width 0.15))
    (fp_line (start 0.762 0) (end 1.016 0) (layer F.SilkS) (width 0.15))
    (fp_line (start -2.75 -2.6) (end -2.75 2.6) (layer F.Fab) (width 0.1))
    (fp_line (start -2.75 2.6) (end 2.75 2.6) (layer F.Fab) (width 0.1))
    (fp_line (start 2.75 2.6) (end 2.75 -2.6) (layer F.Fab) (width 0.1))
    (fp_line (start 2.75 -2.6) (end -2.75 -2.6) (layer F.Fab) (width 0.1))
    (fp_line (start -3.25 -2.85) (end -3.25 2.85) (layer F.CrtYd) (width 0.05))
    (fp_line (start -3.25 2.85) (end 3.25 2.85) (layer F.CrtYd) (width 0.05))
    (fp_line (start 3.25 2.85) (end 3.25 -2.85) (layer F.CrtYd) (width 0.05))
    (fp_line (start 3.25 -2.85) (end -3.25 -2.85) (layer F.CrtYd) (width 0.05))
    (fp_line (start -2.85 1.2) (end -2.85 2.7) (layer F.SilkS) (width 0.12))
    (fp_line (start -2.85 2.7) (end 2.85 2.7) (layer F.SilkS) (width 0.12))
    (fp_line (start 2.85 2.7) (end 2.85 1.2) (layer F.SilkS) (width 0.12))
    (fp_line (start -2.85 -1.2) (end -2.85 -2.7) (layer F.SilkS) (width 0.12))
    (fp_line (start -2.85 -2.7) (end 2.85 -2.7) (layer F.SilkS) (width 0.12))
    (fp_line (start 2.85 -2.7) (end 2.85 -1.2) (layer F.SilkS) (width 0.12))
    (fp_arc (start 0 0) (end 0 -0.254) (angle 90) (layer F.SilkS) (width 0.15))
    (fp_arc (start 0 0) (end -0.254 0) (angle 90) (layer F.SilkS) (width 0.15))
    (fp_arc (start -0.508 0) (end -0.508 -0.254) (angle 90) (layer F.SilkS) (width 0.15))
    (fp_arc (start -0.508 0) (end -0.762 0) (angle 90) (layer F.SilkS) (width 0.15))
    (fp_arc (start 0.508 0) (end 0.254 0) (angle 90) (layer F.SilkS) (width 0.15))
    (fp_arc (start 0.508 0) (end 0.508 -0.254) (angle 90) (layer F.SilkS) (width 0.15))
    (pad 2 smd rect (at 2.05 0 90) (size 1.9 1.6) (layers F.Cu F.Paste F.Mask)
      (net 123 /Power/VSW))
    (pad 1 smd rect (at -2.05 0 90) (size 1.9 1.6) (layers F.Cu F.Paste F.Mask)
      (net 111 +BATT))
    (model ${KIMY3DMOD}/WE-HCI-5040.wrl
      (at (xyz 0 0 0))
      (scale (xyz 1 1 1))
      (rotate (xyz 0 0 0))
    )
  )

  (module Capacitor_SMD:C_0603_1608Metric (layer F.Cu) (tedit 5B301BBE) (tstamp 5FB973AD)
    (at 208.0469 62.3653)
    (descr "Capacitor SMD 0603 (1608 Metric), square (rectangular) end terminal, IPC_7351 nominal, (Body size source: http://www.tortai-tech.com/upload/download/2011102023233369053.pdf), generated with kicad-footprint-generator")
    (tags capacitor)
    (path /5FAF778C/5E77A15A)
    (attr smd)
    (fp_text reference C711 (at 2.9083 0.2667) (layer F.SilkS)
      (effects (font (size 0.7 0.7) (thickness 0.105)))
    )
    (fp_text value 10u (at 0 1.43) (layer F.Fab)
      (effects (font (size 0.7 0.7) (thickness 0.105)))
    )
    (fp_line (start 1.48 0.73) (end -1.48 0.73) (layer F.CrtYd) (width 0.05))
    (fp_line (start 1.48 -0.73) (end 1.48 0.73) (layer F.CrtYd) (width 0.05))
    (fp_line (start -1.48 -0.73) (end 1.48 -0.73) (layer F.CrtYd) (width 0.05))
    (fp_line (start -1.48 0.73) (end -1.48 -0.73) (layer F.CrtYd) (width 0.05))
    (fp_line (start -0.162779 0.51) (end 0.162779 0.51) (layer F.SilkS) (width 0.12))
    (fp_line (start -0.162779 -0.51) (end 0.162779 -0.51) (layer F.SilkS) (width 0.12))
    (fp_line (start 0.8 0.4) (end -0.8 0.4) (layer F.Fab) (width 0.1))
    (fp_line (start 0.8 -0.4) (end 0.8 0.4) (layer F.Fab) (width 0.1))
    (fp_line (start -0.8 -0.4) (end 0.8 -0.4) (layer F.Fab) (width 0.1))
    (fp_line (start -0.8 0.4) (end -0.8 -0.4) (layer F.Fab) (width 0.1))
    (fp_text user %R (at 0 0) (layer F.Fab)
      (effects (font (size 0.7 0.7) (thickness 0.105)))
    )
    (pad 1 smd roundrect (at -0.7875 0) (size 0.875 0.95) (layers F.Cu F.Paste F.Mask) (roundrect_rratio 0.25)
      (net 3 +3V3))
    (pad 2 smd roundrect (at 0.7875 0) (size 0.875 0.95) (layers F.Cu F.Paste F.Mask) (roundrect_rratio 0.25)
      (net 1 GND))
    (model ${KISYS3DMOD}/Capacitor_SMD.3dshapes/C_0603_1608Metric.wrl
      (at (xyz 0 0 0))
      (scale (xyz 1 1 1))
      (rotate (xyz 0 0 0))
    )
  )

  (module Jumper:SolderJumper-3_P1.3mm_Bridged12_Pad1.0x1.5mm (layer B.Cu) (tedit 5C756B4C) (tstamp 5FB97383)
    (at 277.0556 -8.7208 270)
    (descr "SMD Solder 3-pad Jumper, 1x1.5mm Pads, 0.3mm gap, pads 1-2 bridged with 1 copper strip")
    (tags "solder jumper open")
    (path /5FAF778C/5E779FF2)
    (attr virtual)
    (fp_text reference JP702 (at 0 1.8 270) (layer B.SilkS)
      (effects (font (size 0.7 0.7) (thickness 0.105)) (justify mirror))
    )
    (fp_text value Jumper_3_Bridged12 (at 0 -2 270) (layer B.Fab)
      (effects (font (size 0.7 0.7) (thickness 0.105)) (justify mirror))
    )
    (fp_poly (pts (xy -0.9 0.3) (xy -0.4 0.3) (xy -0.4 -0.3) (xy -0.9 -0.3)) (layer B.Cu) (width 0))
    (fp_line (start 2.3 -1.25) (end -2.3 -1.25) (layer B.CrtYd) (width 0.05))
    (fp_line (start 2.3 -1.25) (end 2.3 1.25) (layer B.CrtYd) (width 0.05))
    (fp_line (start -2.3 1.25) (end -2.3 -1.25) (layer B.CrtYd) (width 0.05))
    (fp_line (start -2.3 1.25) (end 2.3 1.25) (layer B.CrtYd) (width 0.05))
    (fp_line (start -2.05 1) (end 2.05 1) (layer B.SilkS) (width 0.12))
    (fp_line (start 2.05 1) (end 2.05 -1) (layer B.SilkS) (width 0.12))
    (fp_line (start 2.05 -1) (end -2.05 -1) (layer B.SilkS) (width 0.12))
    (fp_line (start -2.05 -1) (end -2.05 1) (layer B.SilkS) (width 0.12))
    (fp_line (start -1.3 -1.2) (end -1.6 -1.5) (layer B.SilkS) (width 0.12))
    (fp_line (start -1.6 -1.5) (end -1 -1.5) (layer B.SilkS) (width 0.12))
    (fp_line (start -1.3 -1.2) (end -1 -1.5) (layer B.SilkS) (width 0.12))
    (pad 1 smd rect (at -1.3 0 270) (size 1 1.5) (layers B.Cu B.Mask)
      (net 1 GND))
    (pad 3 smd rect (at 1.3 0 270) (size 1 1.5) (layers B.Cu B.Mask)
      (net 111 +BATT))
    (pad 2 smd rect (at 0 0 270) (size 1 1.5) (layers B.Cu B.Mask)
      (net 122 "Net-(JP702-Pad2)"))
  )

  (module Capacitor_SMD:C_1210_3225Metric (layer F.Cu) (tedit 5B301BBE) (tstamp 5FB97373)
    (at 274.4775 -15.02)
    (descr "Capacitor SMD 1210 (3225 Metric), square (rectangular) end terminal, IPC_7351 nominal, (Body size source: http://www.tortai-tech.com/upload/download/2011102023233369053.pdf), generated with kicad-footprint-generator")
    (tags capacitor)
    (path /5FAF778C/5E77A12E)
    (attr smd)
